NAME           PHASE  MAG   ENERG            SUMS->
Aust_A_1       aust   afm    -91.05525589     []     [48.0, 0.0, 0.0, 0.0, 0.0, 0.0, 48.0, 0.0, 0.0, 0.0, 0.0, 0.0][0.0, 0.0, 0.0, 0.0, 0.0, -16.0, 0.0, 0.0, 0.0, 0.0, 0.0]
Aust_B_1       mart   afm    -90.99479599     []     [0.0, 32.0, 16.0, 0.0, 8.0, 8.0, 0.0, 16.0, 0.0, 0.0, 8.0, 8.0][0.0, 0.0, 0.0, -8.0, 8.0, 0.0, 0.0, -16.0, 0.0, 0.0, 0.0]
Aust_B_2       aust   afm    -90.60253471     []     [48.0, 0.0, 0.0, 16.0, 0.0, 0.0, 16.0, 0.0, 0.0, 16.0, 0.0, 0.0][0.0, 0.0, -16.0, 0.0, 0.0, 16.0, 0.0, 0.0, 0.0, 0.0, 0.0]
Aust_C_1       aust   afm    -90.75116214     []     [48.0, 0.0, 0.0, 8.0, 0.0, 0.0, 32.0, 0.0, 0.0, 8.0, 0.0, 0.0][0.0, 0.0, 0.0, 0.0, 0.0, -8.0, 0.0, 0.0, 0.0, 0.0, 0.0]
Aust_C_3       aust   afm    -90.75113695     []     [48.0, 0.0, 0.0, 8.0, 0.0, 0.0, 32.0, 0.0, 0.0, 8.0, 0.0, 0.0][0.0, 0.0, 0.0, 0.0, 0.0, -8.0, 0.0, 0.0, 0.0, 0.0, 0.0]
Aust_D_1       mart   afm    -90.46111502     []     [0.0, 32.0, 16.0, 0.0, 0.0, 8.0, 0.0, 32.0, 0.0, 0.0, 0.0, 8.0][0.0, 0.0, 0.0, 0.0, 8.0, 0.0, -16.0, 0.0, 0.0, 0.0, 0.0]
Aust_D_2       aust   afm    -90.47912529     []     [48.0, 0.0, 0.0, 8.0, 0.0, 0.0, 32.0, 0.0, 0.0, 8.0, 0.0, 0.0][0.0, 0.0, -8.0, 0.0, 0.0, 16.0, 0.0, 0.0, 0.0, 0.0, 0.0]
Aust_E_2       aust   afm    -90.97320551     []     [48.0, 0.0, 0.0, 12.0, 0.0, 0.0, 24.0, 0.0, 0.0, 12.0, 0.0, 0.0][0.0, 0.0, -4.0, 0.0, 0.0, -8.0, 0.0, 0.0, 0.0, 0.0, 0.0]
Aust_F_2       aust   afm    -90.57369077     []     [48.0, 0.0, 0.0, 12.0, 0.0, 0.0, 24.0, 0.0, 0.0, 12.0, 0.0, 0.0][0.0, 0.0, -12.0, 0.0, 0.0, 16.0, 0.0, 0.0, 0.0, 0.0, 0.0]
Mart_A_1       aust   afm    -91.03882004     []     [48.0, 0.0, 0.0, 0.0, 0.0, 0.0, 48.0, 0.0, 0.0, 0.0, 0.0, 0.0][0.0, 0.0, 0.0, 0.0, 0.0, -16.0, 0.0, 0.0, 0.0, 0.0, 0.0]
Mart_B_2       aust   afm    -90.58206183     []     [48.0, 0.0, 0.0, 16.0, 0.0, 0.0, 16.0, 0.0, 0.0, 16.0, 0.0, 0.0][0.0, 0.0, -16.0, 0.0, 0.0, 16.0, 0.0, 0.0, 0.0, 0.0, 0.0]
Mart_C_1       aust   afm    -90.74088498     []     [48.0, 0.0, 0.0, 8.0, 0.0, 0.0, 32.0, 0.0, 0.0, 8.0, 0.0, 0.0][0.0, 0.0, 0.0, 0.0, 0.0, -8.0, 0.0, 0.0, 0.0, 0.0, 0.0]
Mart_C_2       aust   afm    -90.54580111     []     [48.0, 0.0, 0.0, 8.0, 0.0, 0.0, 32.0, 0.0, 0.0, 8.0, 0.0, 0.0][0.0, 0.0, -8.0, 0.0, 0.0, -8.0, 0.0, 0.0, 0.0, 0.0, 0.0]
Mart_C_3       aust   afm    -89.64791551     []     [48.0, 0.0, 0.0, 8.0, 0.0, 0.0, 32.0, 0.0, 0.0, 8.0, 0.0, 0.0][0.0, 0.0, -4.0, 0.0, 0.0, 8.0, 0.0, 0.0, 0.0, 0.0, 0.0]
Mart_D_1       mart   afm    -90.46596413     []     [0.0, 32.0, 16.0, 0.0, 0.0, 8.0, 0.0, 32.0, 0.0, 0.0, 0.0, 8.0][0.0, 0.0, 0.0, 0.0, 8.0, 0.0, -16.0, 0.0, 0.0, 0.0, 0.0]
Mart_D_2       aust   afm    -90.46215669     []     [48.0, 0.0, 0.0, 8.0, 0.0, 0.0, 32.0, 0.0, 0.0, 8.0, 0.0, 0.0][0.0, 0.0, -8.0, 0.0, 0.0, 16.0, 0.0, 0.0, 0.0, 0.0, 0.0]
Mart_D_3       aust   afm    -90.2034177      []     [48.0, 0.0, 0.0, 8.0, 0.0, 0.0, 32.0, 0.0, 0.0, 8.0, 0.0, 0.0][0.0, 0.0, -8.0, 0.0, 0.0, -16.0, 0.0, 0.0, 0.0, 0.0, 0.0]
Mart_F_1       aust   afm    -90.6172374      []     [48.0, 0.0, 0.0, 12.0, 0.0, 0.0, 24.0, 0.0, 0.0, 12.0, 0.0, 0.0][0.0, 0.0, 4.0, 0.0, 0.0, -16.0, 0.0, 0.0, 0.0, 0.0, 0.0]
Mart_F_3       aust   afm    -90.63541669     []     [48.0, 0.0, 0.0, 12.0, 0.0, 0.0, 24.0, 0.0, 0.0, 12.0, 0.0, 0.0][0.0, 0.0, -4.0, 0.0, 0.0, -16.0, 0.0, 0.0, 0.0, 0.0, 0.0]
Ni2MnIn_A_AFM2 aust   afm    -91.05525579     []     [48.0, 0.0, 0.0, 0.0, 0.0, 0.0, 48.0, 0.0, 0.0, 0.0, 0.0, 0.0][0.0, 0.0, 0.0, 0.0, 0.0, -16.0, 0.0, 0.0, 0.0, 0.0, 0.0]
Ni2MnIn_A_PM   aust   pera   -85.46045695     []     [48.0, 0.0, 0.0, 0.0, 0.0, 0.0, 48.0, 0.0, 0.0, 0.0, 0.0, 0.0][0.0, 0.0, 0.0, 0.0, 0.0, 0.0, 0.0, 0.0, 0.0, 0.0, 0.0]
Ni2MnIn_M_AFM2 aust   afm    -91.05853269     []     [48.0, 0.0, 0.0, 0.0, 0.0, 0.0, 48.0, 0.0, 0.0, 0.0, 0.0, 0.0][0.0, 0.0, 0.0, 0.0, 0.0, -16.0, 0.0, 0.0, 0.0, 0.0, 0.0]
Ni2MnIn_M_OM   aust   fm     -91.36547702     []     [48.0, 0.0, 0.0, 0.0, 0.0, 0.0, 48.0, 0.0, 0.0, 0.0, 0.0, 0.0][64.0, 0.0, 0.0, 0.0, 0.0, 48.0, 0.0, 0.0, 48.0, 0.0, 0.0]
Ni2MnIn_M_PM   mart   pera   -85.86402537     []     [0.0, 32.0, 16.0, 0.0, 0.0, 0.0, 0.0, 32.0, 16.0, 0.0, 0.0, 0.0][0.0, 0.0, 0.0, 0.0, 0.0, 0.0, 0.0, 0.0, 0.0, 0.0, 0.0]
_NiMn          aust   fm     -116.08143991    []     [48.0, 0.0, 0.0, 48.0, 0.0, 0.0, 0.0, 0.0, 0.0, 0.0, 0.0, 0.0][128.0, 0.0, 48.0, 0.0, 0.0, 96.0, 0.0, 0.0, 48.0, 0.0, 0.0]
_NiMn_0        mart   pera   -113.94037971    []     [0.0, 32.0, 16.0, 0.0, 32.0, 16.0, 0.0, 0.0, 0.0, 0.0, 0.0, 0.0][0.0, 0.0, 0.0, 0.0, 0.0, 0.0, 0.0, 0.0, 0.0, 0.0, 0.0]
_NiMn_1        mart   afm    -117.32804306    []     [0.0, 32.0, 16.0, 0.0, 32.0, 16.0, 0.0, 0.0, 0.0, 0.0, 0.0, 0.0][0.0, 0.0, 0.0, -32.0, -16.0, 0.0, 32.0, 64.0, 0.0, 0.0, 0.0]
_NiMn_2        mart   afm    -116.34587955    []     [0.0, 32.0, 16.0, 0.0, 32.0, 16.0, 0.0, 0.0, 0.0, 0.0, 0.0, 0.0][0.0, 0.0, 0.0, 0.0, 16.0, 0.0, -32.0, 0.0, 0.0, 0.0, 0.0]
_NiMn_3        mart   afm    -116.90565122    []     [0.0, 32.0, 16.0, 0.0, 32.0, 16.0, 0.0, 0.0, 0.0, 0.0, 0.0, 0.0][0.0, 0.0, 0.0, -16.0, 0.0, 0.0, 0.0, 0.0, 0.0, 0.0, 0.0]
_NiMn_5        mart   afm    -115.95763608    []     [0.0, 32.0, 16.0, 0.0, 32.0, 16.0, 0.0, 0.0, 0.0, 0.0, 0.0, 0.0][0.0, 0.0, 0.0, 0.0, 0.0, 0.0, 0.0, 0.0, 0.0, 0.0, 0.0]
_NiMn_6        mart   afm    -116.10882451    []     [0.0, 32.0, 16.0, 0.0, 32.0, 16.0, 0.0, 0.0, 0.0, 0.0, 0.0, 0.0][0.0, 0.0, 0.0, 0.0, 0.0, 0.0, 0.0, -32.0, 0.0, 0.0, 0.0]
NiMn_0         aust   pera   -109.64590372    []     [48.0, 0.0, 0.0, 48.0, 0.0, 0.0, 0.0, 0.0, 0.0, 0.0, 0.0, 0.0][0.0, 0.0, 0.0, 0.0, 0.0, 0.0, 0.0, 0.0, 0.0, 0.0, 0.0]
NiMn_1         aust   afm    -115.88358978    []     [48.0, 0.0, 0.0, 48.0, 0.0, 0.0, 0.0, 0.0, 0.0, 0.0, 0.0, 0.0][0.0, 0.0, -48.0, 0.0, 0.0, 96.0, 0.0, 0.0, 0.0, 0.0, 0.0]
NiMn_3         pm     afm    -116.39139133    []     [0.0, 0.0, 0.0, 0.0, 0.0, 0.0, 0.0, 0.0, 0.0, 0.0, 0.0, 0.0][0.0, 0.0, 0.0, 0.0, 0.0, 0.0, 0.0, 0.0, 0.0, 0.0, 0.0]
NiMn_5         aust   afm    -115.93543797    []     [48.0, 0.0, 0.0, 48.0, 0.0, 0.0, 0.0, 0.0, 0.0, 0.0, 0.0, 0.0][32.0, 0.0, -24.0, 0.0, 0.0, 48.0, 0.0, 0.0, 48.0, 0.0, 0.0]
NiMn_6         aust   afm    -115.86117538    []     [48.0, 0.0, 0.0, 48.0, 0.0, 0.0, 0.0, 0.0, 0.0, 0.0, 0.0, 0.0][0.0, 0.0, 0.0, 0.0, 0.0, -32.0, 0.0, 0.0, 0.0, 0.0, 0.0]
Aust_A_P       aust   pera   -96.152698       []     [48.0, 0.0, 0.0, 24.0, 0.0, 0.0, 24.0, 0.0, 0.0, 0.0, 0.0, 0.0][0.0, 0.0, 0.0, 0.0, 0.0, 0.0, 0.0, 0.0, 0.0, 0.0, 0.0]
Aust_A_M       aust   fm     -102.93418       []     [48.0, 0.0, 0.0, 24.0, 0.0, 0.0, 24.0, 0.0, 0.0, 0.0, 0.0, 0.0][96.0, 0.0, 24.0, 0.0, 0.0, 48.0, 0.0, 0.0, 48.0, 0.0, 0.0]
Aust_A_1       aust   afm    -100.22711       []     [48.0, 0.0, 0.0, 24.0, 0.0, 0.0, 24.0, 0.0, 0.0, 0.0, 0.0, 0.0][0.0, 0.0, -8.0, 0.0, 0.0, 16.0, 0.0, 0.0, 0.0, 0.0, 0.0]
Aust_A_2       pm     afm    -102.96346       []     [0.0, 0.0, 0.0, 0.0, 0.0, 0.0, 0.0, 0.0, 0.0, 0.0, 0.0, 0.0][0.0, 0.0, 0.0, 0.0, 0.0, 0.0, 0.0, 0.0, 0.0, 0.0, 0.0]
Aust_A_3       aust   pera   -96.196584       []     [48.0, 0.0, 0.0, 24.0, 0.0, 0.0, 24.0, 0.0, 0.0, 0.0, 0.0, 0.0][0.0, 0.0, 0.0, 0.0, 0.0, 0.0, 0.0, 0.0, 0.0, 0.0, 0.0]
Aust_A_4       aust   afm    -102.85172       []     [48.0, 0.0, 0.0, 24.0, 0.0, 0.0, 24.0, 0.0, 0.0, 0.0, 0.0, 0.0][0.0, 0.0, -8.0, 0.0, 0.0, -16.0, 0.0, 0.0, 0.0, 0.0, 0.0]
Aust_B_P       aust   pera   -97.14269        []     [48.0, 0.0, 0.0, 24.0, 0.0, 0.0, 24.0, 0.0, 0.0, 0.0, 0.0, 0.0][0.0, 0.0, 0.0, 0.0, 0.0, 0.0, 0.0, 0.0, 0.0, 0.0, 0.0]
Aust_B_O       pm     fm     -99.107543       []     [0.0, 0.0, 0.0, 0.0, 0.0, 0.0, 0.0, 0.0, 0.0, 0.0, 0.0, 0.0][0.0, 0.0, 0.0, 0.0, 0.0, 0.0, 0.0, 0.0, 0.0, 0.0, 0.0]
Aust_B_M       aust   fm     -103.5313        []     [48.0, 0.0, 0.0, 24.0, 0.0, 0.0, 24.0, 0.0, 0.0, 0.0, 0.0, 0.0][96.0, 0.0, 24.0, 0.0, 0.0, 56.0, 0.0, 0.0, 48.0, 0.0, 0.0]
Aust_B_2       mart   afm    -101.71773       []     [0.0, 32.0, 16.0, 0.0, 16.0, 8.0, 0.0, 16.0, 8.0, 0.0, 0.0, 0.0][0.0, 64.0, 0.0, 0.0, 8.0, 0.0, 16.0, 0.0, 0.0, 32.0, 16.0]
Aust_B_3       mart   afm    -101.55633       []     [0.0, 32.0, 16.0, 0.0, 16.0, 8.0, 0.0, 16.0, 8.0, 0.0, 0.0, 0.0][0.0, 0.0, 0.0, 0.0, 0.0, 0.0, -16.0, 0.0, 0.0, 0.0, 0.0]
Aust_B_4       aust   afm    -103.37557       []     [48.0, 0.0, 0.0, 24.0, 0.0, 0.0, 24.0, 0.0, 0.0, 0.0, 0.0, 0.0][0.0, 0.0, -8.0, 0.0, 0.0, 8.0, 0.0, 0.0, 0.0, 0.0, 0.0]
Aust_C_P       mart   pera   -99.016489       []     [0.0, 32.0, 16.0, 0.0, 16.0, 12.0, 0.0, 16.0, 0.0, 0.0, 0.0, 4.0][0.0, 0.0, 0.0, 0.0, 0.0, 0.0, 0.0, 0.0, 0.0, 0.0, 0.0]
Aust_C_M       mart   fm     -103.36772       []     [0.0, 32.0, 16.0, 0.0, 16.0, 12.0, 0.0, 16.0, 0.0, 0.0, 0.0, 4.0][0.0, 96.0, 0.0, 16.0, 12.0, 0.0, 16.0, 32.0, 0.0, 32.0, 16.0]
Aust_C_1       pm     fm     -103.3916        []     [0.0, 0.0, 0.0, 0.0, 0.0, 0.0, 0.0, 0.0, 0.0, 0.0, 0.0, 0.0][0.0, 0.0, 0.0, 0.0, 0.0, 0.0, 0.0, 0.0, 0.0, 0.0, 0.0]
Aust_C_2       mart   afm    -100.58688       []     [0.0, 32.0, 16.0, 0.0, 16.0, 12.0, 0.0, 16.0, 0.0, 0.0, 0.0, 4.0][0.0, 32.0, 0.0, 0.0, 4.0, 0.0, 0.0, 0.0, 0.0, 32.0, 16.0]
Aust_C_3       mart   fi     -103.30359       []     [0.0, 32.0, 16.0, 0.0, 20.0, 8.0, 0.0, 8.0, 8.0, 0.0, 4.0, 0.0][0.0, 32.0, 0.0, -12.0, 0.0, 0.0, 16.0, 0.0, 0.0, 32.0, 16.0]
Aust_C_4       mart   afm    -103.62754       []     [0.0, 32.0, 16.0, 0.0, 20.0, 8.0, 0.0, 8.0, 8.0, 0.0, 4.0, 0.0][0.0, 0.0, 0.0, -20.0, 8.0, 0.0, 16.0, -32.0, 0.0, 0.0, 0.0]
Mart_A_P       mart   pera   -98.29211        []     [0.0, 32.0, 16.0, 0.0, 16.0, 8.0, 0.0, 16.0, 8.0, 0.0, 0.0, 0.0][0.0, 0.0, 0.0, 0.0, 0.0, 0.0, 0.0, 0.0, 0.0, 0.0, 0.0]
Mart_A_O       mart   fi     -103.25568       []     [0.0, 32.0, 16.0, 0.0, 16.0, 8.0, 0.0, 16.0, 8.0, 0.0, 0.0, 0.0][0.0, 32.0, 0.0, -16.0, 8.0, 0.0, 16.0, -32.0, 0.0, 32.0, 16.0]
Mart_A_M       mart   fm     -102.93818       []     [0.0, 32.0, 16.0, 0.0, 16.0, 8.0, 0.0, 16.0, 8.0, 0.0, 0.0, 0.0][0.0, 96.0, 0.0, 16.0, 8.0, 0.0, 16.0, 32.0, 0.0, 32.0, 16.0]
Mart_A_1       mart   afm    -101.26311       []     [0.0, 32.0, 16.0, 0.0, 16.0, 8.0, 0.0, 16.0, 8.0, 0.0, 0.0, 0.0][0.0, 0.0, 0.0, 0.0, 8.0, 0.0, -16.0, 0.0, 0.0, 0.0, 0.0]
Mart_A_2       mart   afm    -102.98725       []     [0.0, 32.0, 16.0, 0.0, 16.0, 8.0, 0.0, 16.0, 8.0, 0.0, 0.0, 0.0][0.0, 0.0, 0.0, -8.0, 0.0, 0.0, 0.0, -16.0, 0.0, 0.0, 0.0]
Mart_A_3       mart   afm    -103.29215       []     [0.0, 32.0, 16.0, 0.0, 16.0, 8.0, 0.0, 16.0, 8.0, 0.0, 0.0, 0.0][0.0, 0.0, 0.0, -16.0, -8.0, 0.0, 16.0, 32.0, 0.0, 0.0, 0.0]
Mart_A_4       mart   afm    -102.98965       []     [0.0, 32.0, 16.0, 0.0, 16.0, 8.0, 0.0, 16.0, 8.0, 0.0, 0.0, 0.0][0.0, 0.0, 0.0, -8.0, 0.0, 0.0, 0.0, -16.0, 0.0, 0.0, 0.0]
Mart_B_P       mart   pera   -98.819182       []     [0.0, 32.0, 16.0, 0.0, 16.0, 8.0, 0.0, 16.0, 8.0, 0.0, 0.0, 0.0][0.0, 0.0, 0.0, 0.0, 0.0, 0.0, 0.0, 0.0, 0.0, 0.0, 0.0]
Mart_B_O       mart   fm     -101.69266       []     [0.0, 32.0, 16.0, 0.0, 16.0, 8.0, 0.0, 16.0, 8.0, 0.0, 0.0, 0.0][0.0, 64.0, 0.0, 0.0, 0.0, 0.0, 16.0, 32.0, 0.0, 32.0, 16.0]
Mart_B_M       pm     fm     -103.5073        []     [0.0, 0.0, 0.0, 0.0, 0.0, 0.0, 0.0, 0.0, 0.0, 0.0, 0.0, 0.0][0.0, 0.0, 0.0, 0.0, 0.0, 0.0, 0.0, 0.0, 0.0, 0.0, 0.0]
Mart_B_1       mart   afm    -103.59661       []     [0.0, 32.0, 16.0, 0.0, 16.0, 8.0, 0.0, 16.0, 8.0, 0.0, 0.0, 0.0][0.0, 0.0, 0.0, -16.0, 0.0, 0.0, 8.0, 0.0, 0.0, 0.0, 0.0]
Mart_B_2       mart   fi     -102.1402        []     [0.0, 32.0, 16.0, 0.0, 16.0, 8.0, 0.0, 16.0, 8.0, 0.0, 0.0, 0.0][0.0, 16.0, 0.0, -4.0, 0.0, 0.0, -8.0, -8.0, 0.0, 32.0, 16.0]
Mart_B_3       mart   afm    -99.947035       []     [0.0, 32.0, 16.0, 0.0, 16.0, 8.0, 0.0, 16.0, 8.0, 0.0, 0.0, 0.0][0.0, 0.0, 0.0, 0.0, 0.0, 0.0, 0.0, -8.0, 0.0, 0.0, 0.0]
Mart_B_4       mart   afm    -101.70129       []     [0.0, 32.0, 16.0, 0.0, 16.0, 8.0, 0.0, 16.0, 8.0, 0.0, 0.0, 0.0][0.0, 0.0, 0.0, -8.0, 4.0, 0.0, 8.0, -16.0, 0.0, 0.0, 0.0]
Mart_C_P       mart   pera   -99.044754       []     [0.0, 32.0, 16.0, 0.0, 16.0, 12.0, 0.0, 16.0, 0.0, 0.0, 0.0, 4.0][0.0, 0.0, 0.0, 0.0, 0.0, 0.0, 0.0, 0.0, 0.0, 0.0, 0.0]
Mart_C_O       mart   fi     -103.96595       []     [0.0, 32.0, 16.0, 0.0, 16.0, 12.0, 0.0, 16.0, 0.0, 0.0, 0.0, 4.0][0.0, 32.0, 0.0, -16.0, 12.0, 0.0, 16.0, -32.0, 0.0, 32.0, 16.0]
Mart_C_M       mart   fm     -101.92844       []     [0.0, 32.0, 16.0, 0.0, 16.0, 12.0, 0.0, 16.0, 0.0, 0.0, 0.0, 4.0][0.0, 64.0, 0.0, 0.0, 8.0, 0.0, 16.0, 0.0, 0.0, 32.0, 16.0]
Mart_C_1       mart   fi     -103.37573       []     [0.0, 32.0, 16.0, 0.0, 16.0, 12.0, 0.0, 16.0, 0.0, 0.0, 0.0, 4.0][0.0, 32.0, 0.0, 0.0, -4.0, 0.0, 16.0, 0.0, 0.0, 32.0, 16.0]
Mart_C_2       mart   fi     -102.59285       []     [0.0, 32.0, 16.0, 0.0, 16.0, 12.0, 0.0, 16.0, 0.0, 0.0, 0.0, 4.0][0.0, 16.0, 0.0, 0.0, 8.0, 0.0, -16.0, 0.0, 0.0, 32.0, 16.0]
Mart_C_3       mart   afm    -103.58134       []     [0.0, 32.0, 16.0, 0.0, 16.0, 12.0, 0.0, 16.0, 0.0, 0.0, 0.0, 4.0][0.0, 0.0, 0.0, -8.0, 4.0, 0.0, 0.0, -16.0, 0.0, 0.0, 0.0]
Mart_C_4       mart   afm    -101.58784       []     [0.0, 32.0, 16.0, 0.0, 16.0, 12.0, 0.0, 16.0, 0.0, 0.0, 0.0, 4.0][0.0, 0.0, 0.0, 0.0, -8.0, 0.0, -16.0, 0.0, 0.0, 0.0, 0.0]
NiMn           aust   fm     -116.069182      []     [48.0, 0.0, 0.0, 48.0, 0.0, 0.0, 0.0, 0.0, 0.0, 0.0, 0.0, 0.0][128.0, 0.0, 48.0, 0.0, 0.0, 96.0, 0.0, 0.0, 48.0, 0.0, 0.0]
NiMn_0         aust   pera   -109.6458902     []     [48.0, 0.0, 0.0, 48.0, 0.0, 0.0, 0.0, 0.0, 0.0, 0.0, 0.0, 0.0][0.0, 0.0, 0.0, 0.0, 0.0, 0.0, 0.0, 0.0, 0.0, 0.0, 0.0]
NiMn_2         aust   afm    -115.8835799     []     [48.0, 0.0, 0.0, 48.0, 0.0, 0.0, 0.0, 0.0, 0.0, 0.0, 0.0, 0.0][0.0, 0.0, -48.0, 0.0, 0.0, 96.0, 0.0, 0.0, 0.0, 0.0, 0.0]
_NiMn          mart   fm     -116.0814399     []     [0.0, 32.0, 16.0, 0.0, 32.0, 16.0, 0.0, 0.0, 0.0, 0.0, 0.0, 0.0][0.0, 128.0, 0.0, 32.0, 16.0, 0.0, 32.0, 64.0, 0.0, 32.0, 16.0]
_NiMn_0        mart   pera   -113.9403802     []     [0.0, 32.0, 16.0, 0.0, 32.0, 16.0, 0.0, 0.0, 0.0, 0.0, 0.0, 0.0][0.0, 0.0, 0.0, 0.0, 0.0, 0.0, 0.0, 0.0, 0.0, 0.0, 0.0]
_NiMn_1        mart   afm    -118.2737173     []     [0.0, 32.0, 16.0, 0.0, 32.0, 16.0, 0.0, 0.0, 0.0, 0.0, 0.0, 0.0][0.0, 0.0, 0.0, -32.0, 16.0, 0.0, 32.0, -64.0, 0.0, 0.0, 0.0]
Ni2MnIn_A_PM   aust   pera   -85.46045695     []     [48.0, 0.0, 0.0, 0.0, 0.0, 0.0, 48.0, 0.0, 0.0, 0.0, 0.0, 0.0][0.0, 0.0, 0.0, 0.0, 0.0, 0.0, 0.0, 0.0, 0.0, 0.0, 0.0]
Ni2MnIn_M_AFM1 aust   afm    -91.05854702     []     [48.0, 0.0, 0.0, 0.0, 0.0, 0.0, 48.0, 0.0, 0.0, 0.0, 0.0, 0.0][0.0, 0.0, 0.0, 0.0, 0.0, -16.0, 0.0, 0.0, 0.0, 0.0, 0.0]
Ni2MnIn_M_PM   mart   pera   -85.86402537     []     [0.0, 32.0, 16.0, 0.0, 0.0, 0.0, 0.0, 32.0, 16.0, 0.0, 0.0, 0.0][0.0, 0.0, 0.0, 0.0, 0.0, 0.0, 0.0, 0.0, 0.0, 0.0, 0.0]
871_1          aust   fm     -109.70475157    []     [48.0, 0.0, 0.0, 36.0, 0.0, 0.0, 12.0, 0.0, 0.0, 0.0, 0.0, 0.0][112.0, 0.0, 36.0, 0.0, 0.0, 72.0, 0.0, 0.0, 48.0, 0.0, 0.0]
871_10         mart   fm     -109.91708259    []     [0.0, 32.0, 16.0, 0.0, 24.0, 12.0, 0.0, 8.0, 4.0, 0.0, 0.0, 0.0][0.0, 48.0, 0.0, -8.0, 4.0, 0.0, 24.0, -16.0, 0.0, 32.0, 16.0]
871_11         mart   afm    -110.19103139    []     [0.0, 32.0, 16.0, 0.0, 24.0, 12.0, 0.0, 8.0, 4.0, 0.0, 0.0, 0.0][0.0, 48.0, 0.0, -8.0, 12.0, 0.0, 8.0, -16.0, 0.0, 32.0, 16.0]
871_12         mart   afm    -109.95778402    []     [0.0, 32.0, 16.0, 0.0, 24.0, 12.0, 0.0, 8.0, 4.0, 0.0, 0.0, 0.0][0.0, 48.0, 0.0, -8.0, -4.0, 0.0, 24.0, 16.0, 0.0, 32.0, 16.0]
871_13         aust   afm    -109.53216596    []     [48.0, 0.0, 0.0, 36.0, 0.0, 0.0, 12.0, 0.0, 0.0, 0.0, 0.0, 0.0][48.0, 0.0, 4.0, 0.0, 0.0, 8.0, 0.0, 0.0, 48.0, 0.0, 0.0]
871_14         mart   afm    -109.86531559    []     [0.0, 32.0, 16.0, 0.0, 24.0, 12.0, 0.0, 8.0, 4.0, 0.0, 0.0, 0.0][0.0, 48.0, 0.0, -8.0, 4.0, 0.0, 8.0, -16.0, 0.0, 32.0, 16.0]
871_15         mart   afm    -109.86513381    []     [0.0, 32.0, 16.0, 0.0, 24.0, 12.0, 0.0, 8.0, 4.0, 0.0, 0.0, 0.0][0.0, 48.0, 0.0, -8.0, 4.0, 0.0, 8.0, -16.0, 0.0, 32.0, 16.0]
871_16         pm     afm    -109.66801327    []     [0.0, 0.0, 0.0, 0.0, 0.0, 0.0, 0.0, 0.0, 0.0, 0.0, 0.0, 0.0][0.0, 0.0, 0.0, 0.0, 0.0, 0.0, 0.0, 0.0, 0.0, 0.0, 0.0]
871_17         pm     afm    -109.83468995    []     [0.0, 0.0, 0.0, 0.0, 0.0, 0.0, 0.0, 0.0, 0.0, 0.0, 0.0, 0.0][0.0, 0.0, 0.0, 0.0, 0.0, 0.0, 0.0, 0.0, 0.0, 0.0, 0.0]
871_18         aust   afm    -109.42670937    []     [48.0, 0.0, 0.0, 36.0, 0.0, 0.0, 12.0, 0.0, 0.0, 0.0, 0.0, 0.0][0.0, 0.0, 4.0, 0.0, 0.0, -8.0, 0.0, 0.0, 0.0, 0.0, 0.0]
871_19         pm     afm    -109.83467524    []     [0.0, 0.0, 0.0, 0.0, 0.0, 0.0, 0.0, 0.0, 0.0, 0.0, 0.0, 0.0][0.0, 0.0, 0.0, 0.0, 0.0, 0.0, 0.0, 0.0, 0.0, 0.0, 0.0]
871_2          mart   fm     -109.70802979    []     [0.0, 32.0, 16.0, 0.0, 24.0, 12.0, 0.0, 8.0, 4.0, 0.0, 0.0, 0.0][0.0, 80.0, 0.0, 8.0, 12.0, 0.0, 8.0, 16.0, 0.0, 32.0, 16.0]
871_20         mart   afm    -110.25144349    []     [0.0, 32.0, 16.0, 0.0, 24.0, 12.0, 0.0, 8.0, 4.0, 0.0, 0.0, 0.0][0.0, 0.0, 0.0, -16.0, 4.0, 0.0, 8.0, -16.0, 0.0, 0.0, 0.0]
871_21         mart   afm    -109.56783211    []     [0.0, 32.0, 16.0, 0.0, 24.0, 12.0, 0.0, 8.0, 4.0, 0.0, 0.0, 0.0][0.0, 8.0, 0.0, 0.0, 4.0, 0.0, -8.0, -16.0, 0.0, 8.0, 0.0]
871_22         mart   afm    -110.25154972    []     [0.0, 32.0, 16.0, 0.0, 24.0, 12.0, 0.0, 8.0, 4.0, 0.0, 0.0, 0.0][0.0, 0.0, 0.0, -16.0, 4.0, 0.0, 8.0, -16.0, 0.0, 0.0, 0.0]
871_24         aust   afm    -109.42670887    []     [48.0, 0.0, 0.0, 36.0, 0.0, 0.0, 12.0, 0.0, 0.0, 0.0, 0.0, 0.0][0.0, 0.0, 4.0, 0.0, 0.0, -8.0, 0.0, 0.0, 0.0, 0.0, 0.0]
871_25         mart   afm    -109.56792625    []     [0.0, 32.0, 16.0, 0.0, 24.0, 12.0, 0.0, 8.0, 4.0, 0.0, 0.0, 0.0][0.0, 8.0, 0.0, 0.0, 4.0, 0.0, -8.0, -16.0, 0.0, 8.0, 0.0]
871_26         mart   afm    -109.96034168    []     [0.0, 32.0, 16.0, 0.0, 24.0, 12.0, 0.0, 8.0, 4.0, 0.0, 0.0, 0.0][0.0, 0.0, 0.0, -8.0, 4.0, 0.0, 8.0, -32.0, 0.0, 0.0, 0.0]
871_27         mart   afm    -110.25069869    []     [0.0, 32.0, 16.0, 0.0, 24.0, 12.0, 0.0, 8.0, 4.0, 0.0, 0.0, 0.0][0.0, 0.0, 0.0, -16.0, 4.0, 0.0, 8.0, -16.0, 0.0, 0.0, 0.0]
871_28         pm     afm    -109.66801756    []     [0.0, 0.0, 0.0, 0.0, 0.0, 0.0, 0.0, 0.0, 0.0, 0.0, 0.0, 0.0][0.0, 0.0, 0.0, 0.0, 0.0, 0.0, 0.0, 0.0, 0.0, 0.0, 0.0]
871_29         mart   afm    -109.96028958    []     [0.0, 32.0, 16.0, 0.0, 24.0, 12.0, 0.0, 8.0, 4.0, 0.0, 0.0, 0.0][0.0, 0.0, 0.0, -8.0, 4.0, 0.0, 8.0, -32.0, 0.0, 0.0, 0.0]
871_3          aust   fm     -109.6086193     []     [48.0, 0.0, 0.0, 36.0, 0.0, 0.0, 12.0, 0.0, 0.0, 0.0, 0.0, 0.0][80.0, 0.0, 12.0, 0.0, 0.0, 40.0, 0.0, 0.0, 48.0, 0.0, 0.0]
871_30         aust   afm    -109.57501954    []     [48.0, 0.0, 0.0, 36.0, 0.0, 0.0, 12.0, 0.0, 0.0, 0.0, 0.0, 0.0][16.0, 0.0, -12.0, 0.0, 0.0, 24.0, 0.0, 0.0, 48.0, 0.0, 0.0]
871_31         mart   afm    -109.56787662    []     [0.0, 32.0, 16.0, 0.0, 24.0, 12.0, 0.0, 8.0, 4.0, 0.0, 0.0, 0.0][0.0, 8.0, 0.0, 0.0, 4.0, 0.0, -8.0, -16.0, 0.0, 8.0, 0.0]
871_32         pm     afm    -109.65107779    []     [0.0, 0.0, 0.0, 0.0, 0.0, 0.0, 0.0, 0.0, 0.0, 0.0, 0.0, 0.0][0.0, 0.0, 0.0, 0.0, 0.0, 0.0, 0.0, 0.0, 0.0, 0.0, 0.0]
871_33         mart   afm    -109.56786238    []     [0.0, 32.0, 16.0, 0.0, 24.0, 12.0, 0.0, 8.0, 4.0, 0.0, 0.0, 0.0][0.0, 8.0, 0.0, 0.0, 4.0, 0.0, -8.0, -16.0, 0.0, 8.0, 0.0]
871_34         aust   afm    -109.4267305     []     [48.0, 0.0, 0.0, 36.0, 0.0, 0.0, 12.0, 0.0, 0.0, 0.0, 0.0, 0.0][0.0, 0.0, 4.0, 0.0, 0.0, -8.0, 0.0, 0.0, 0.0, 0.0, 0.0]
871_35         pm     afm    -109.83467676    []     [0.0, 0.0, 0.0, 0.0, 0.0, 0.0, 0.0, 0.0, 0.0, 0.0, 0.0, 0.0][0.0, 0.0, 0.0, 0.0, 0.0, 0.0, 0.0, 0.0, 0.0, 0.0, 0.0]
871_4          aust   fm     -109.60861806    []     [48.0, 0.0, 0.0, 36.0, 0.0, 0.0, 12.0, 0.0, 0.0, 0.0, 0.0, 0.0][80.0, 0.0, 12.0, 0.0, 0.0, 40.0, 0.0, 0.0, 48.0, 0.0, 0.0]
871_5          aust   fm     -109.4316147     []     [48.0, 0.0, 0.0, 36.0, 0.0, 0.0, 12.0, 0.0, 0.0, 0.0, 0.0, 0.0][80.0, 0.0, 12.0, 0.0, 0.0, 24.0, 0.0, 0.0, 48.0, 0.0, 0.0]
871_6          mart   fm     -109.70800482    []     [0.0, 32.0, 16.0, 0.0, 24.0, 12.0, 0.0, 8.0, 4.0, 0.0, 0.0, 0.0][0.0, 80.0, 0.0, 8.0, 12.0, 0.0, 8.0, 16.0, 0.0, 32.0, 16.0]
871_7          mart   afm    -109.86313134    []     [0.0, 32.0, 16.0, 0.0, 24.0, 12.0, 0.0, 8.0, 4.0, 0.0, 0.0, 0.0][0.0, 48.0, 0.0, 0.0, 12.0, 0.0, -8.0, 0.0, 0.0, 32.0, 16.0]
871_8          aust   afm    -109.53217473    []     [48.0, 0.0, 0.0, 36.0, 0.0, 0.0, 12.0, 0.0, 0.0, 0.0, 0.0, 0.0][48.0, 0.0, 4.0, 0.0, 0.0, 8.0, 0.0, 0.0, 48.0, 0.0, 0.0]
871_9          mart   afm    -110.19102283    []     [0.0, 32.0, 16.0, 0.0, 24.0, 12.0, 0.0, 8.0, 4.0, 0.0, 0.0, 0.0][0.0, 48.0, 0.0, -8.0, 12.0, 0.0, 8.0, -16.0, 0.0, 32.0, 16.0]
871_1          aust   fm     -109.69538484    []     [48.0, 0.0, 0.0, 36.0, 0.0, 0.0, 12.0, 0.0, 0.0, 0.0, 0.0, 0.0][112.0, 0.0, 36.0, 0.0, 0.0, 72.0, 0.0, 0.0, 48.0, 0.0, 0.0]
871_10         mart   afm    -110.73540482    []     [0.0, 32.0, 16.0, 0.0, 24.0, 12.0, 0.0, 8.0, 4.0, 0.0, 0.0, 0.0][0.0, 16.0, 0.0, -24.0, 12.0, 0.0, 24.0, -48.0, 0.0, 32.0, 16.0]
871_11         mart   afm    -110.22221453    []     [0.0, 32.0, 16.0, 0.0, 24.0, 12.0, 0.0, 8.0, 4.0, 0.0, 0.0, 0.0][0.0, 48.0, 0.0, -8.0, 12.0, 0.0, 8.0, -16.0, 0.0, 32.0, 16.0]
871_12         mart   afm    -109.79301374    []     [0.0, 32.0, 16.0, 0.0, 24.0, 12.0, 0.0, 8.0, 4.0, 0.0, 0.0, 0.0][0.0, 48.0, 0.0, -8.0, -4.0, 0.0, 8.0, 32.0, 0.0, 32.0, 16.0]
871_13         mart   afm    -109.58835222    []     [0.0, 32.0, 16.0, 0.0, 24.0, 12.0, 0.0, 8.0, 4.0, 0.0, 0.0, 0.0][0.0, 48.0, 0.0, 0.0, 4.0, 0.0, -8.0, 16.0, 0.0, 32.0, 16.0]
871_14         mart   afm    -109.94315516    []     [0.0, 32.0, 16.0, 0.0, 24.0, 12.0, 0.0, 8.0, 4.0, 0.0, 0.0, 0.0][0.0, 48.0, 0.0, -8.0, 4.0, 0.0, 8.0, -16.0, 0.0, 32.0, 16.0]
871_15         mart   afm    -109.89865232    []     [0.0, 32.0, 16.0, 0.0, 24.0, 12.0, 0.0, 8.0, 4.0, 0.0, 0.0, 0.0][0.0, 48.0, 0.0, -8.0, 4.0, 0.0, 8.0, -16.0, 0.0, 32.0, 16.0]
871_16         mart   afm    -109.71013551    []     [0.0, 32.0, 16.0, 0.0, 24.0, 12.0, 0.0, 8.0, 4.0, 0.0, 0.0, 0.0][0.0, 8.0, 0.0, 0.0, 12.0, 0.0, -24.0, 0.0, 0.0, 8.0, 0.0]
871_17         mart   afm    -108.93945272    []     [0.0, 32.0, 16.0, 0.0, 24.0, 12.0, 0.0, 8.0, 4.0, 0.0, 0.0, 0.0][0.0, 32.0, 0.0, 0.0, -8.0, 0.0, 16.0, 0.0, 0.0, 32.0, 16.0]
871_18         mart   afm    -109.24158743    []     [0.0, 32.0, 16.0, 0.0, 24.0, 12.0, 0.0, 8.0, 4.0, 0.0, 0.0, 0.0][0.0, 16.0, 0.0, 8.0, -4.0, 0.0, 8.0, -16.0, 0.0, 32.0, 16.0]
871_19         mart   afm    -110.01161614    []     [0.0, 32.0, 16.0, 0.0, 24.0, 12.0, 0.0, 8.0, 4.0, 0.0, 0.0, 0.0][0.0, 8.0, 0.0, -8.0, 4.0, 0.0, -8.0, 0.0, 0.0, 8.0, 0.0]
871_2          mart   fm     -109.70006241    []     [0.0, 32.0, 16.0, 0.0, 24.0, 12.0, 0.0, 8.0, 4.0, 0.0, 0.0, 0.0][0.0, 80.0, 0.0, 8.0, 12.0, 0.0, 8.0, 16.0, 0.0, 32.0, 16.0]
871_20         mart   afm    -109.7270924     []     [0.0, 32.0, 16.0, 0.0, 24.0, 12.0, 0.0, 8.0, 4.0, 0.0, 0.0, 0.0][0.0, 16.0, 0.0, -8.0, -4.0, 0.0, -8.0, 0.0, 0.0, 32.0, 16.0]
871_21         mart   afm    -109.47182981    []     [0.0, 32.0, 16.0, 0.0, 24.0, 12.0, 0.0, 8.0, 4.0, 0.0, 0.0, 0.0][0.0, 0.0, 0.0, 0.0, 4.0, 0.0, -24.0, 0.0, 0.0, 0.0, 0.0]
871_22         mart   afm    -109.59848732    []     [0.0, 32.0, 16.0, 0.0, 24.0, 12.0, 0.0, 8.0, 4.0, 0.0, 0.0, 0.0][0.0, 0.0, 0.0, -20.0, 8.0, 0.0, 16.0, -32.0, 0.0, 8.0, 0.0]
871_24         mart   afm    -109.56242893    []     [0.0, 32.0, 16.0, 0.0, 24.0, 12.0, 0.0, 8.0, 4.0, 0.0, 0.0, 0.0][0.0, 0.0, 0.0, 0.0, 4.0, 0.0, -8.0, 0.0, 0.0, 0.0, 0.0]
871_25         mart   afm    -109.59212183    []     [0.0, 32.0, 16.0, 0.0, 24.0, 12.0, 0.0, 8.0, 4.0, 0.0, 0.0, 0.0][0.0, 12.0, 0.0, 0.0, 4.0, 0.0, -8.0, -16.0, 0.0, 16.0, 8.0]
871_26         mart   afm    -109.07401645    []     [0.0, 32.0, 16.0, 0.0, 24.0, 12.0, 0.0, 8.0, 4.0, 0.0, 0.0, 0.0][0.0, 0.0, 0.0, -8.0, 0.0, 0.0, 0.0, -16.0, 0.0, 0.0, 0.0]
871_27         mart   afm    -110.21327362    []     [0.0, 32.0, 16.0, 0.0, 24.0, 12.0, 0.0, 8.0, 4.0, 0.0, 0.0, 0.0][0.0, 0.0, 0.0, -16.0, 4.0, 0.0, 8.0, -16.0, 0.0, 0.0, 0.0]
871_28         mart   afm    -109.71011683    []     [0.0, 32.0, 16.0, 0.0, 24.0, 12.0, 0.0, 8.0, 4.0, 0.0, 0.0, 0.0][0.0, 8.0, 0.0, 0.0, 12.0, 0.0, -24.0, 0.0, 0.0, 8.0, 0.0]
871_29         mart   afm    -109.0734222     []     [0.0, 32.0, 16.0, 0.0, 24.0, 12.0, 0.0, 8.0, 4.0, 0.0, 0.0, 0.0][0.0, 0.0, 0.0, -8.0, 0.0, 0.0, 0.0, -16.0, 0.0, 0.0, 0.0]
871_3          mart   fm     -109.62360184    []     [0.0, 32.0, 16.0, 0.0, 24.0, 12.0, 0.0, 8.0, 4.0, 0.0, 0.0, 0.0][0.0, 80.0, 0.0, 8.0, 4.0, 0.0, 24.0, 16.0, 0.0, 32.0, 16.0]
871_30         mart   afm    -109.78731243    []     [0.0, 32.0, 16.0, 0.0, 24.0, 12.0, 0.0, 8.0, 4.0, 0.0, 0.0, 0.0][0.0, 4.0, 0.0, -8.0, -4.0, 0.0, 8.0, 16.0, 0.0, 0.0, 0.0]
871_31         mart   afm    -109.59225195    []     [0.0, 32.0, 16.0, 0.0, 24.0, 12.0, 0.0, 8.0, 4.0, 0.0, 0.0, 0.0][0.0, 12.0, 0.0, 0.0, 4.0, 0.0, -8.0, -16.0, 0.0, 16.0, 8.0]
871_32         mart   afm    -109.50470189    []     [0.0, 32.0, 16.0, 0.0, 24.0, 12.0, 0.0, 8.0, 4.0, 0.0, 0.0, 0.0][0.0, 0.0, 0.0, -8.0, -12.0, 0.0, 8.0, 16.0, 0.0, 0.0, 0.0]
871_33         mart   afm    -109.63031121    []     [0.0, 32.0, 16.0, 0.0, 24.0, 12.0, 0.0, 8.0, 4.0, 0.0, 0.0, 0.0][0.0, 4.0, 0.0, 0.0, 4.0, 0.0, -8.0, -16.0, 0.0, 0.0, 0.0]
871_34         mart   afm    -109.24202347    []     [0.0, 32.0, 16.0, 0.0, 24.0, 12.0, 0.0, 8.0, 4.0, 0.0, 0.0, 0.0][0.0, 16.0, 0.0, 8.0, -4.0, 0.0, 8.0, -16.0, 0.0, 32.0, 16.0]
871_35         mart   afm    -108.36045201    []     [0.0, 32.0, 16.0, 0.0, 24.0, 12.0, 0.0, 8.0, 4.0, 0.0, 0.0, 0.0][0.0, 0.0, 0.0, 4.0, -8.0, 0.0, 0.0, -16.0, 0.0, 0.0, 0.0]
871_4          mart   fm     -109.61603709    []     [0.0, 32.0, 16.0, 0.0, 24.0, 12.0, 0.0, 8.0, 4.0, 0.0, 0.0, 0.0][0.0, 80.0, 0.0, 8.0, 4.0, 0.0, 8.0, 32.0, 0.0, 32.0, 16.0]
871_5          mart   fm     -109.4165607     []     [0.0, 32.0, 16.0, 0.0, 24.0, 12.0, 0.0, 8.0, 4.0, 0.0, 0.0, 0.0][0.0, 80.0, 0.0, 8.0, 4.0, 0.0, 8.0, 16.0, 0.0, 32.0, 16.0]
871_6          mart   fm     -109.71278548    []     [0.0, 32.0, 16.0, 0.0, 24.0, 12.0, 0.0, 8.0, 4.0, 0.0, 0.0, 0.0][0.0, 80.0, 0.0, 8.0, 12.0, 0.0, 8.0, 16.0, 0.0, 32.0, 16.0]
871_7          mart   afm    -109.82370177    []     [0.0, 32.0, 16.0, 0.0, 24.0, 12.0, 0.0, 8.0, 4.0, 0.0, 0.0, 0.0][0.0, 48.0, 0.0, 0.0, 12.0, 0.0, -8.0, 0.0, 0.0, 32.0, 16.0]
871_8          aust   afm    -109.49507389    []     [48.0, 0.0, 0.0, 36.0, 0.0, 0.0, 12.0, 0.0, 0.0, 0.0, 0.0, 0.0][48.0, 0.0, 4.0, 0.0, 0.0, 8.0, 0.0, 0.0, 48.0, 0.0, 0.0]
871_9          mart   afm    -110.2831966     []     [0.0, 32.0, 16.0, 0.0, 24.0, 12.0, 0.0, 8.0, 4.0, 0.0, 0.0, 0.0][0.0, 48.0, 0.0, -8.0, 12.0, 0.0, 8.0, -16.0, 0.0, 32.0, 16.0]
