#	8	6	2	mart	afm 	Aust_A_2	1.350671674923736	-99.75511997	5.156869193970314	6.9652371515825005	5.156794981277204
	1	0.000	0.2488781847975742	0.2500103775227982	0.2511267709222848
	2	0.025	0.7511218152024253	0.2500103775227982	0.2511267709222848
	3	0.000	0.2488781847975742	0.7499896224772018	0.2511267709222848
	4	-0.025	0.7511218152024253	0.7499896224772018	0.2511267709222848
	5	-0.025	0.2488781847975742	0.2500103775227982	0.7488732290777153
	6	0.000	0.7511218152024253	0.2500103775227982	0.7488732290777153
	7	0.025	0.2488781847975742	0.7499896224772018	0.7488732290777153
	8	0.000	0.7511218152024253	0.7499896224772018	0.7488732290777153
	9	2.482	0.0000000000000000	0.0000000000000000	0.5000000000000000
	10	-2.654	0.5000000000000000	0.0000000000000000	0.0000000000000000
	11	-2.683	0.5000000000000000	0.0000000000000000	0.5000000000000000
	12	2.685	0.0000000000000000	0.5000000000000000	0.0000000000000000
	13	-2.482	0.0000000000000000	0.5000000000000000	0.5000000000000000
	14	2.654	0.5000000000000000	0.5000000000000000	0.0000000000000000
	15	0.002	0.0000000000000000	0.0000000000000000	0.0000000000000000
	16	-0.002	0.5000000000000000	0.5000000000000000	0.5000000000000000
#	8	6	2	aust	afm 	Aust_A_3	1.0	-99.66485085	5.726686703921244	5.726686703921244	5.726686703921244
	1	0.000	0.2500050945293526	0.2500050945293526	0.2500050945293526
	2	0.000	0.7499949054706473	0.2500050945293526	0.2500050945293526
	3	0.000	0.2500050945293526	0.7499949054706473	0.2500050945293526
	4	0.000	0.7499949054706473	0.7499949054706473	0.2500050945293526
	5	0.000	0.2500050945293526	0.2500050945293526	0.7499949054706473
	6	0.000	0.7499949054706473	0.2500050945293526	0.7499949054706473
	7	0.000	0.2500050945293526	0.7499949054706473	0.7499949054706473
	8	0.000	0.7499949054706473	0.7499949054706473	0.7499949054706473
	9	2.717	0.0000000000000000	0.0000000000000000	0.5000000000000000
	10	2.906	0.5000000000000000	0.0000000000000000	0.0000000000000000
	11	-2.825	0.5000000000000000	0.0000000000000000	0.5000000000000000
	12	2.825	0.0000000000000000	0.5000000000000000	0.0000000000000000
	13	-2.906	0.0000000000000000	0.5000000000000000	0.5000000000000000
	14	-2.717	0.5000000000000000	0.5000000000000000	0.0000000000000000
	15	-0.047	0.0000000000000000	0.0000000000000000	0.0000000000000000
	16	0.047	0.5000000000000000	0.5000000000000000	0.5000000000000000
#	8	6	2	mart	afm 	Aust_A_4	1.3498136095388047	-99.75510175	6.962324719416778	5.157865555497455	5.157989718147544
	1	0.000	0.2499879018023927	0.2489333553098459	0.2510745613721097
	2	0.000	0.7500120981976075	0.2489333553098459	0.2510745613721097
	3	-0.025	0.2499879018023927	0.7510666446901538	0.2510745613721097
	4	0.025	0.7500120981976075	0.7510666446901538	0.2510745613721097
	5	0.025	0.2499879018023927	0.2489333553098459	0.7489254386278900
	6	-0.025	0.7500120981976075	0.2489333553098458	0.7489254386278900
	7	0.000	0.2499879018023927	0.7510666446901538	0.7489254386278900
	8	0.000	0.7500120981976075	0.7510666446901538	0.7489254386278900
	9	-2.480	0.0000000000000000	0.0000000000000000	0.5000000000000000
	10	-2.686	0.5000000000000000	0.0000000000000000	0.0000000000000000
	11	2.480	0.5000000000000000	0.0000000000000000	0.5000000000000000
	12	2.653	0.0000000000000000	0.5000000000000000	0.0000000000000000
	13	2.686	0.0000000000000000	0.5000000000000000	0.5000000000000000
	14	-2.655	0.5000000000000000	0.5000000000000000	0.0000000000000000
	15	-0.002	0.0000000000000000	0.0000000000000000	0.0000000000000000
	16	0.002	0.5000000000000000	0.5000000000000000	0.5000000000000000
#	8	6	2	aust	fm	Aust_A_M	1.0	-99.64020535	5.739240426942631	5.739240426942631	5.739240426942631
	1	0.518	0.2500000000000000	0.2500000000000000	0.2500000000000000
	2	0.521	0.7500000000000000	0.2500000000000000	0.2500000000000000
	3	0.512	0.2500000000000000	0.7500000000000000	0.2500000000000000
	4	0.506	0.7500000000000000	0.7500000000000000	0.2500000000000000
	5	0.506	0.2500000000000000	0.2500000000000000	0.7500000000000000
	6	0.512	0.7500000000000000	0.2500000000000000	0.7500000000000000
	7	0.521	0.2500000000000000	0.7500000000000000	0.7500000000000000
	8	0.518	0.7500000000000000	0.7500000000000000	0.7500000000000000
	9	2.760	0.0000000000000000	0.0000000000000000	0.5000000000000000
	10	2.863	0.5000000000000000	0.0000000000000000	0.0000000000000000
	11	2.784	0.5000000000000000	0.0000000000000000	0.5000000000000000
	12	2.784	0.0000000000000000	0.5000000000000000	0.0000000000000000
	13	2.863	0.0000000000000000	0.5000000000000000	0.5000000000000000
	14	2.760	0.5000000000000000	0.5000000000000000	0.0000000000000000
	15	-0.056	0.0000000000000000	0.0000000000000000	0.0000000000000000
	16	-0.056	0.5000000000000000	0.5000000000000000	0.5000000000000000
#	8	6	2	aust	fm	Aust_A	1.0	-99.64017775	5.7408766009971615	5.7408766009971615	5.7408766009971615
	1	0.518	0.2500000000000000	0.2500000000000000	0.2500000000000000
	2	0.521	0.7500000000000000	0.2500000000000000	0.2500000000000000
	3	0.512	0.2500000000000000	0.7500000000000000	0.2500000000000000
	4	0.506	0.7500000000000000	0.7500000000000000	0.2500000000000000
	5	0.506	0.2500000000000000	0.2500000000000000	0.7500000000000000
	6	0.512	0.7500000000000000	0.2500000000000000	0.7500000000000000
	7	0.521	0.2500000000000000	0.7500000000000000	0.7500000000000000
	8	0.518	0.7500000000000000	0.7500000000000000	0.7500000000000000
	9	2.762	0.0000000000000000	0.0000000000000000	0.5000000000000000
	10	2.865	0.5000000000000000	0.0000000000000000	0.0000000000000000
	11	2.785	0.5000000000000000	0.0000000000000000	0.5000000000000000
	12	2.785	0.0000000000000000	0.5000000000000000	0.0000000000000000
	13	2.865	0.0000000000000000	0.5000000000000000	0.5000000000000000
	14	2.762	0.5000000000000000	0.5000000000000000	0.0000000000000000
	15	-0.056	0.0000000000000000	0.0000000000000000	0.0000000000000000
	16	-0.056	0.5000000000000000	0.5000000000000000	0.5000000000000000
#	8	6	2	aust	pm	Aust_A	1.0	-95.60924842	5.618686832761968	5.618686832761968	5.618686832761968
	1	0	0.2500000000000000	0.2500000000000000	0.2500000000000000
	2	0	0.7500000000000000	0.2500000000000000	0.2500000000000000
	3	0	0.2500000000000000	0.7500000000000000	0.2500000000000000
	4	0	0.7500000000000000	0.7500000000000000	0.2500000000000000
	5	0	0.2500000000000000	0.2500000000000000	0.7500000000000000
	6	0	0.7500000000000000	0.2500000000000000	0.7500000000000000
	7	0	0.2500000000000000	0.7500000000000000	0.7500000000000000
	8	0	0.7500000000000000	0.7500000000000000	0.7500000000000000
	9	0	0.0000000000000000	0.0000000000000000	0.5000000000000000
	10	0	0.5000000000000000	0.0000000000000000	0.0000000000000000
	11	0	0.5000000000000000	0.0000000000000000	0.5000000000000000
	12	0	0.0000000000000000	0.5000000000000000	0.0000000000000000
	13	0	0.0000000000000000	0.5000000000000000	0.5000000000000000
	14	0	0.5000000000000000	0.5000000000000000	0.0000000000000000
	15	0	0.0000000000000000	0.0000000000000000	0.0000000000000000
	16	0	0.5000000000000000	0.5000000000000000	0.5000000000000000
#	8	6	2	pm	afm 	Aust_B_1	0.8819474325841467	-99.47262856	5.969534890543719	5.264815970436518	5.973476160917431
	1	0.064	0.2528830876665439	0.2513322990013383	0.2471420505721170
	2	0.082	0.7471169123334560	0.2513322990013383	0.2471420505721170
	3	0.064	0.2528830876665439	0.7486677009986620	0.2471420505721170
	4	0.132	0.7471169123334560	0.7486677009986620	0.2471420505721170
	5	0.132	0.2528830876665439	0.2513322990013383	0.7528579494278833
	6	0.064	0.7471169123334560	0.2513322990013383	0.7528579494278833
	7	0.082	0.2528830876665439	0.7486677009986620	0.7528579494278833
	8	0.064	0.7471169123334560	0.7486677009986620	0.7528579494278833
	9	-2.642	0.0000000000000000	0.0000000000000000	0.5000000000000000
	10	2.793	0.5000000000000000	0.0000000000000000	0.0000000000000000
	11	2.837	0.0000000000000000	0.5000000000000000	0.0000000000000000
	12	-2.741	0.0000000000000000	0.5000000000000000	0.5000000000000000
	13	-2.600	0.5000000000000000	0.5000000000000000	0.0000000000000000
	14	2.837	0.5000000000000000	0.5000000000000000	0.5000000000000000
	15	-0.047	0.0000000000000000	0.0000000000000000	0.0000000000000000
	16	-0.047	0.5000000000000000	0.0000000000000000	0.5000000000000000
#	8	6	2	pm	afm 	Aust_B_2	0.8714362812674904	-99.60048612	6.002325461611084	5.230644179223536	5.984292806710764
	1	0.077	0.2466925222586719	0.2543646004461766	0.2533643700157423
	2	0.096	0.7533074777413282	0.2543646004461766	0.2533643700157423
	3	0.077	0.2466925222586719	0.7456353995538235	0.2533643700157423
	4	0.121	0.7533074777413282	0.7456353995538235	0.2533643700157423
	5	0.121	0.2466925222586719	0.2543646004461766	0.7466356299842577
	6	0.077	0.7533074777413282	0.2543646004461766	0.7466356299842577
	7	0.096	0.2466925222586719	0.7456353995538235	0.7466356299842577
	8	0.077	0.7533074777413282	0.7456353995538235	0.7466356299842577
	9	-2.598	0.0000000000000000	0.0000000000000000	0.5000000000000000
	10	-2.773	0.5000000000000000	0.0000000000000000	0.0000000000000000
	11	2.788	0.0000000000000000	0.5000000000000000	0.0000000000000000
	12	2.849	0.0000000000000000	0.5000000000000000	0.5000000000000000
	13	-2.699	0.5000000000000000	0.5000000000000000	0.0000000000000000
	14	2.786	0.5000000000000000	0.5000000000000000	0.5000000000000000
	15	-0.035	0.0000000000000000	0.0000000000000000	0.0000000000000000
	16	-0.035	0.5000000000000000	0.0000000000000000	0.5000000000000000
#	8	6	2	pm	afm 	Aust_B_3	0.8950790923537018	-99.79293336	5.258825047528888	6.0706924312510555	5.875262971119425
	1	0.020	0.2500113754610139	0.2543936641892143	0.2499570571263009
	2	0.014	0.7499886245389861	0.2543936641892143	0.2499570571263009
	3	-0.020	0.2500113754610139	0.7456063358107854	0.2499570571263009
	4	-0.015	0.7499886245389861	0.7456063358107854	0.2499570571263009
	5	-0.015	0.2500113754610139	0.2543936641892143	0.7500429428736993
	6	-0.020	0.7499886245389861	0.2543936641892143	0.7500429428736993
	7	0.014	0.2500113754610139	0.7456063358107854	0.7500429428736993
	8	0.020	0.7499886245389861	0.7456063358107854	0.7500429428736993
	9	2.773	0.0000000000000000	0.0000000000000000	0.5000000000000000
	10	-2.774	0.5000000000000000	0.0000000000000000	0.0000000000000000
	11	2.748	0.0000000000000000	0.5000000000000000	0.0000000000000000
	12	2.848	0.0000000000000000	0.5000000000000000	0.5000000000000000
	13	-2.850	0.5000000000000000	0.5000000000000000	0.0000000000000000
	14	-2.747	0.5000000000000000	0.5000000000000000	0.5000000000000000
	15	0.022	0.0000000000000000	0.0000000000000000	0.0000000000000000
	16	-0.022	0.5000000000000000	0.0000000000000000	0.5000000000000000
#	8	6	2	aust	afm 	Aust_B_4	1.0019160950314172	-99.65175989	5.72669029833647	5.737663181163578	5.72669029833647
	1	0.069	0.2506529734945896	0.2514880355120688	0.2506529734945896
	2	0.053	0.7493470265054103	0.2514880355120688	0.2506529734945896
	3	0.041	0.2506529734945896	0.7485119644879312	0.2506529734945896
	4	0.064	0.7493470265054103	0.7485119644879312	0.2506529734945896
	5	0.064	0.2506529734945896	0.2514880355120688	0.7493470265054103
	6	0.041	0.7493470265054103	0.2514880355120688	0.7493470265054103
	7	0.053	0.2506529734945896	0.7485119644879312	0.7493470265054103
	8	0.069	0.7493470265054103	0.7485119644879312	0.7493470265054103
	9	-2.866	0.0000000000000000	0.0000000000000000	0.5000000000000000
	10	-2.729	0.5000000000000000	0.0000000000000000	0.0000000000000000
	11	2.837	0.0000000000000000	0.5000000000000000	0.0000000000000000
	12	2.875	0.0000000000000000	0.5000000000000000	0.5000000000000000
	13	2.848	0.5000000000000000	0.5000000000000000	0.0000000000000000
	14	-2.816	0.5000000000000000	0.5000000000000000	0.5000000000000000
	15	0.023	0.0000000000000000	0.0000000000000000	0.0000000000000000
	16	0.037	0.5000000000000000	0.0000000000000000	0.5000000000000000
#	8	6	2	mart	fm	Aust_B_M	1.4006886742165248	-101.0966798	5.094802831800692	7.136232623869508	5.094802831800692
	1	0.528	0.2500000000000000	0.2521254271771852	0.2500000000000000
	2	0.532	0.7500000000000000	0.2521254271771852	0.2500000000000000
	3	0.528	0.2500000000000000	0.7478745728228149	0.2500000000000000
	4	0.532	0.7500000000000000	0.7478745728228149	0.2500000000000000
	5	0.532	0.2500000000000000	0.2521254271771852	0.7500000000000000
	6	0.528	0.7500000000000000	0.2521254271771852	0.7500000000000000
	7	0.532	0.2500000000000000	0.7478745728228149	0.7500000000000000
	8	0.528	0.7500000000000000	0.7478745728228149	0.7500000000000000
	9	2.557	0.0000000000000000	0.0000000000000000	0.5000000000000000
	10	2.557	0.5000000000000000	0.0000000000000000	0.0000000000000000
	11	2.701	0.0000000000000000	0.5000000000000000	0.0000000000000000
	12	2.653	0.0000000000000000	0.5000000000000000	0.5000000000000000
	13	2.653	0.5000000000000000	0.5000000000000000	0.0000000000000000
	14	2.701	0.5000000000000000	0.5000000000000000	0.5000000000000000
	15	-0.106	0.0000000000000000	0.0000000000000000	0.0000000000000000
	16	-0.106	0.5000000000000000	0.0000000000000000	0.5000000000000000
#	8	6	2	pm	fm	Aust_B	0.8746246131517316	-98.74700232	5.9503014371597915	5.204280092612075	5.9503014371597915
	1	0.347	0.2500000000000000	0.2554032724773674	0.2500000000000000
	2	0.345	0.7500000000000000	0.2554032724773674	0.2500000000000000
	3	0.347	0.2500000000000000	0.7445967275226323	0.2500000000000000
	4	0.345	0.7500000000000000	0.7445967275226323	0.2500000000000000
	5	0.345	0.2500000000000000	0.2554032724773674	0.7500000000000000
	6	0.347	0.7500000000000000	0.2554032724773674	0.7500000000000000
	7	0.345	0.2500000000000000	0.7445967275226323	0.7500000000000000
	8	0.347	0.7500000000000000	0.7445967275226323	0.7500000000000000
	9	2.676	0.0000000000000000	0.0000000000000000	0.5000000000000000
	10	2.676	0.5000000000000000	0.0000000000000000	0.0000000000000000
	11	2.765	0.0000000000000000	0.5000000000000000	0.0000000000000000
	12	0.181	0.0000000000000000	0.5000000000000000	0.5000000000000000
	13	0.181	0.5000000000000000	0.5000000000000000	0.0000000000000000
	14	2.765	0.5000000000000000	0.5000000000000000	0.5000000000000000
	15	-0.089	0.0000000000000000	0.0000000000000000	0.0000000000000000
	16	-0.089	0.5000000000000000	0.0000000000000000	0.5000000000000000
#	8	6	2	pm	pm	Aust_B	0.8491803021623928	-95.93785976	5.940418180867643	5.044486105800157	5.940418180867643
	1	0	0.2500000000000000	0.2572224150386822	0.2500000000000000
	2	0	0.7500000000000000	0.2572224150386822	0.2500000000000000
	3	0	0.2500000000000000	0.7427775849613177	0.2500000000000000
	4	0	0.7500000000000000	0.7427775849613177	0.2500000000000000
	5	0	0.2500000000000000	0.2572224150386822	0.7500000000000000
	6	0	0.7500000000000000	0.2572224150386822	0.7500000000000000
	7	0	0.2500000000000000	0.7427775849613177	0.7500000000000000
	8	0	0.7500000000000000	0.7427775849613177	0.7500000000000000
	9	0	0.0000000000000000	0.0000000000000000	0.5000000000000000
	10	0	0.5000000000000000	0.0000000000000000	0.0000000000000000
	11	0	0.0000000000000000	0.5000000000000000	0.0000000000000000
	12	0	0.0000000000000000	0.5000000000000000	0.5000000000000000
	13	0	0.5000000000000000	0.5000000000000000	0.0000000000000000
	14	0	0.5000000000000000	0.5000000000000000	0.5000000000000000
	15	0	0.0000000000000000	0.0000000000000000	0.0000000000000000
	16	0	0.5000000000000000	0.0000000000000000	0.5000000000000000
#	8	6	2	mart	afm 	Aust_C_1	1.4011259910158684	-99.94850759	5.078640889345329	5.078640889345329	7.115815749097686
	1	-0.077	0.2450466724516938	0.2450466724516938	0.2479513635627695
	2	-0.100	0.7549533275483066	0.2450466724516938	0.2479513635627695
	3	-0.111	0.2450466724516938	0.7549533275483066	0.2479513635627695
	4	-0.118	0.7549533275483066	0.7549533275483066	0.2479513635627695
	5	-0.118	0.2450466724516938	0.2450466724516938	0.7520486364372307
	6	-0.111	0.7549533275483066	0.2450466724516938	0.7520486364372307
	7	-0.100	0.2450466724516938	0.7549533275483066	0.7520486364372307
	8	-0.077	0.7549533275483066	0.7549533275483066	0.7520486364372307
	9	-0.043	0.0000000000000000	0.0000000000000000	0.0000000000000000
	10	-2.601	0.0000000000000000	0.0000000000000000	0.5000000000000000
	11	2.565	0.5000000000000000	0.0000000000000000	0.0000000000000000
	12	-2.720	0.5000000000000000	0.0000000000000000	0.5000000000000000
	13	2.575	0.0000000000000000	0.5000000000000000	0.0000000000000000
	14	-2.633	0.0000000000000000	0.5000000000000000	0.5000000000000000
	15	-0.045	0.5000000000000000	0.5000000000000000	0.0000000000000000
	16	0.066	0.5000000000000000	0.5000000000000000	0.5000000000000000
#	8	6	2	mart	afm 	Aust_C_3	1.3274764476689833	-99.69052848	6.884386080225279	5.191483145251268	5.186070225437216
	1	-0.050	0.2496371875680142	0.2464802422148019	0.2493193678531020
	2	-0.005	0.7503628124319861	0.2464802422148019	0.2493193678531020
	3	-0.052	0.2496371875680142	0.7535197577851983	0.2493193678531020
	4	-0.026	0.7503628124319861	0.7535197577851983	0.2493193678531020
	5	-0.026	0.2496371875680142	0.2464802422148019	0.7506806321468982
	6	-0.052	0.7503628124319861	0.2464802422148019	0.7506806321468982
	7	-0.005	0.2496371875680142	0.7535197577851983	0.7506806321468982
	8	-0.050	0.7503628124319861	0.7535197577851983	0.7506806321468982
	9	-2.722	0.0000000000000000	0.0000000000000000	0.0000000000000000
	10	-2.719	0.0000000000000000	0.0000000000000000	0.5000000000000000
	11	-2.647	0.5000000000000000	0.0000000000000000	0.0000000000000000
	12	2.440	0.5000000000000000	0.0000000000000000	0.5000000000000000
	13	2.575	0.0000000000000000	0.5000000000000000	0.0000000000000000
	14	2.646	0.0000000000000000	0.5000000000000000	0.5000000000000000
	15	0.053	0.5000000000000000	0.5000000000000000	0.0000000000000000
	16	-0.033	0.5000000000000000	0.5000000000000000	0.5000000000000000
#	8	6	2	mart	afm 	Aust_C_4	1.3447943278865595	-99.76842321	5.19045425988037	5.119098580489591	6.980093447841751
	1	-0.001	0.2475058961992442	0.2465269684426405	0.2499995083698534
	2	0.031	0.7524941038007559	0.2465269684426405	0.2499995083698534
	3	-0.031	0.2475058961992442	0.7534730315573595	0.2499995083698534
	4	0.001	0.7524941038007560	0.7534730315573595	0.2499995083698534
	5	0.001	0.2475058961992442	0.2465269684426405	0.7500004916301465
	6	-0.031	0.7524941038007560	0.2465269684426405	0.7500004916301465
	7	0.031	0.2475058961992442	0.7534730315573595	0.7500004916301465
	8	-0.001	0.7524941038007560	0.7534730315573595	0.7500004916301465
	9	2.658	0.0000000000000000	0.0000000000000000	0.0000000000000000
	10	-2.657	0.0000000000000000	0.0000000000000000	0.5000000000000000
	11	-2.555	0.5000000000000000	0.0000000000000000	0.0000000000000000
	12	2.553	0.5000000000000000	0.0000000000000000	0.5000000000000000
	13	2.702	0.0000000000000000	0.5000000000000000	0.0000000000000000
	14	-2.703	0.0000000000000000	0.5000000000000000	0.5000000000000000
	15	0.020	0.5000000000000000	0.5000000000000000	0.0000000000000000
	16	-0.020	0.5000000000000000	0.5000000000000000	0.5000000000000000
#	8	6	2	mart	afm 	Aust_C_2	1.3705046192772663	-100.30706374	5.13100820414646	5.130620131547581	7.032070445332274
	1	0.005	0.2466627358600694	0.2466858222503319	0.2500216140286688
	2	0.000	0.7533372641399305	0.2466858222503319	0.2500216140286688
	3	0.000	0.2466627358600694	0.7533141777496679	0.2500216140286688
	4	-0.005	0.7533372641399305	0.7533141777496679	0.2500216140286688
	5	-0.005	0.2466627358600694	0.2466858222503319	0.7499783859713314
	6	0.000	0.7533372641399305	0.2466858222503319	0.7499783859713314
	7	0.000	0.2466627358600694	0.7533141777496679	0.7499783859713314
	8	0.005	0.7533372641399305	0.7533141777496679	0.7499783859713314
	9	2.646	0.0000000000000000	0.0000000000000000	0.0000000000000000
	10	-2.645	0.0000000000000000	0.0000000000000000	0.5000000000000000
	11	-2.559	0.5000000000000000	0.0000000000000000	0.0000000000000000
	12	-2.696	0.5000000000000000	0.0000000000000000	0.5000000000000000
	13	2.696	0.0000000000000000	0.5000000000000000	0.0000000000000000
	14	2.559	0.0000000000000000	0.5000000000000000	0.5000000000000000
	15	0.014	0.5000000000000000	0.5000000000000000	0.0000000000000000
	16	-0.014	0.5000000000000000	0.5000000000000000	0.5000000000000000
#	8	6	2	pm	fm	Aust_C_M	0.8679177542303895	-100.04171721	6.012541615433527	6.012541615433527	5.218391616083825
	1	0.501	0.2493829009493539	0.2493829009493539	0.2500000000000000
	2	0.471	0.7506170990506459	0.2493829009493539	0.2500000000000000
	3	0.471	0.2493829009493538	0.7506170990506459	0.2500000000000000
	4	0.501	0.7506170990506459	0.7506170990506459	0.2500000000000000
	5	0.501	0.2493829009493539	0.2493829009493539	0.7500000000000000
	6	0.471	0.7506170990506459	0.2493829009493539	0.7500000000000000
	7	0.471	0.2493829009493539	0.7506170990506459	0.7500000000000000
	8	0.501	0.7506170990506459	0.7506170990506459	0.7500000000000000
	9	2.809	0.0000000000000000	0.0000000000000000	0.0000000000000000
	10	2.809	0.0000000000000000	0.0000000000000000	0.5000000000000000
	11	2.764	0.5000000000000000	0.0000000000000000	0.0000000000000000
	12	2.764	0.5000000000000000	0.0000000000000000	0.5000000000000000
	13	2.781	0.0000000000000000	0.5000000000000000	0.0000000000000000
	14	2.781	0.0000000000000000	0.5000000000000000	0.5000000000000000
	15	-0.048	0.5000000000000000	0.5000000000000000	0.0000000000000000
	16	-0.048	0.5000000000000000	0.5000000000000000	0.5000000000000000
#	8	6	2	pm	fm	Aust_C	0.8685035466464521	-100.04171092	6.012323005589268	6.012323005589268	5.221723853938336
	1	0.501	0.2494852849369599	0.2494852849369599	0.2500000000000000
	2	0.470	0.7505147150630401	0.2494852849369599	0.2500000000000000
	3	0.470	0.2494852849369599	0.7505147150630401	0.2500000000000000
	4	0.501	0.7505147150630401	0.7505147150630401	0.2500000000000000
	5	0.501	0.2494852849369599	0.2494852849369599	0.7500000000000000
	6	0.470	0.7505147150630401	0.2494852849369599	0.7500000000000000
	7	0.470	0.2494852849369599	0.7505147150630401	0.7500000000000000
	8	0.501	0.7505147150630401	0.7505147150630401	0.7500000000000000
	9	2.811	0.0000000000000000	0.0000000000000000	0.0000000000000000
	10	2.811	0.0000000000000000	0.0000000000000000	0.5000000000000000
	11	2.765	0.5000000000000000	0.0000000000000000	0.0000000000000000
	12	2.765	0.5000000000000000	0.0000000000000000	0.5000000000000000
	13	2.782	0.0000000000000000	0.5000000000000000	0.0000000000000000
	14	2.782	0.0000000000000000	0.5000000000000000	0.5000000000000000
	15	-0.048	0.5000000000000000	0.5000000000000000	0.0000000000000000
	16	-0.048	0.5000000000000000	0.5000000000000000	0.5000000000000000
#	8	6	2	mart	pm	Aust_C	1.199508875088156	-95.63760996	5.138421926669197	5.138421926669197	6.1635827049872836
	1	0	0.2403371048979224	0.2403371048979224	0.2500000000000000
	2	0	0.7596628951020772	0.2403371048979224	0.2500000000000000
	3	0	0.2403371048979224	0.7596628951020772	0.2500000000000000
	4	0	0.7596628951020772	0.7596628951020772	0.2500000000000000
	5	0	0.2403371048979224	0.2403371048979224	0.7500000000000000
	6	0	0.7596628951020772	0.2403371048979224	0.7500000000000000
	7	0	0.2403371048979224	0.7596628951020772	0.7500000000000000
	8	0	0.7596628951020772	0.7596628951020772	0.7500000000000000
	9	0	0.0000000000000000	0.0000000000000000	0.0000000000000000
	10	0	0.0000000000000000	0.0000000000000000	0.5000000000000000
	11	0	0.5000000000000000	0.0000000000000000	0.0000000000000000
	12	0	0.5000000000000000	0.0000000000000000	0.5000000000000000
	13	0	0.0000000000000000	0.5000000000000000	0.0000000000000000
	14	0	0.0000000000000000	0.5000000000000000	0.5000000000000000
	15	0	0.5000000000000000	0.5000000000000000	0.0000000000000000
	16	0	0.5000000000000000	0.5000000000000000	0.5000000000000000
#	8	8	0	mart	fm	Mn	1.427218845151466	-110.71441927	5.020081072946763	5.020081072946763	7.164754311497811
	1	0.601	0.0000000000000000	0.0000000000000000	0.0000000000000000
	2	0.601	0.0000000000000000	0.0000000000000000	0.5000000000000000
	3	0.601	0.5000000000000000	0.0000000000000000	0.0000000000000000
	4	0.601	0.5000000000000000	0.0000000000000000	0.5000000000000000
	5	0.601	0.0000000000000000	0.5000000000000000	0.0000000000000000
	6	0.601	0.0000000000000000	0.5000000000000000	0.5000000000000000
	7	0.601	0.5000000000000000	0.5000000000000000	0.0000000000000000
	8	0.601	0.5000000000000000	0.5000000000000000	0.5000000000000000
	9	2.625	0.2500000000000000	0.2500000000000000	0.2500000000000000
	10	2.625	0.7500000000000000	0.2500000000000000	0.2500000000000000
	11	2.625	0.2500000000000000	0.2500000000000000	0.7500000000000000
	12	2.625	0.7500000000000000	0.2500000000000000	0.7500000000000000
	13	2.625	0.2500000000000000	0.7500000000000000	0.2500000000000000
	14	2.625	0.7500000000000000	0.7500000000000000	0.2500000000000000
	15	2.625	0.2500000000000000	0.7500000000000000	0.7500000000000000
	16	2.625	0.7500000000000000	0.7500000000000000	0.7500000000000000
#	8	6	2	mart	afm 	Mart_A_1	1.4059340011287274	-99.59344316	5.052744133556002	5.052560332833154	7.103824776370095
	1	0.001	0.2500062074013976	0.2499915397788887	0.2500036286634470
	2	0.001	0.7499937925986023	0.2499915397788887	0.2500036286634470
	3	0.001	0.2500062074013976	0.7500084602211115	0.2500036286634470
	4	0.000	0.7499937925986023	0.7500084602211115	0.2500036286634470
	5	0.000	0.2500062074013976	0.2499915397788887	0.7499963713365532
	6	0.001	0.7499937925986023	0.2499915397788887	0.7499963713365532
	7	0.001	0.2500062074013976	0.7500084602211115	0.7499963713365532
	8	0.001	0.7499937925986023	0.7500084602211115	0.7499963713365532
	9	0.028	0.0000000000000000	0.0000000000000000	0.5000000000000000
	10	-2.595	0.5000000000000000	0.0000000000000000	0.0000000000000000
	11	-2.596	0.5000000000000000	0.0000000000000000	0.5000000000000000
	12	2.595	0.0000000000000000	0.5000000000000000	0.0000000000000000
	13	2.596	0.0000000000000000	0.5000000000000000	0.5000000000000000
	14	0.026	0.5000000000000000	0.5000000000000000	0.0000000000000000
	15	0.000	0.0000000000000000	0.0000000000000000	0.0000000000000000
	16	0.000	0.5000000000000000	0.5000000000000000	0.5000000000000000
#	8	6	2	mart	NA	Mart_A_2	1.3658645955991027	-100.21764693	5.144046410653911	5.125932585532147	7.02607087043082
	1	-0.200	0.2519038329114020	0.2489432109361529	0.2487577107487449
	2	-0.175	0.7480961670885982	0.2489432109361529	0.2487577107487449
	3	-0.197	0.2519038329114020	0.7510567890638471	0.2487577107487449
	4	-0.202	0.7480961670885982	0.7510567890638471	0.2487577107487449
	5	-0.202	0.2519038329114020	0.2489432109361529	0.7512422892512550
	6	-0.197	0.7480961670885982	0.2489432109361529	0.7512422892512550
	7	-0.175	0.2519038329114020	0.7510567890638471	0.7512422892512550
	8	-0.200	0.7480961670885982	0.7510567890638471	0.7512422892512550
	9	-2.662	0.0000000000000000	0.0000000000000000	0.5000000000000000
	10	-2.478	0.5000000000000000	0.0000000000000000	0.0000000000000000
	11	-2.672	0.5000000000000000	0.0000000000000000	0.5000000000000000
	12	2.686	0.0000000000000000	0.5000000000000000	0.0000000000000000
	13	-2.625	0.0000000000000000	0.5000000000000000	0.5000000000000000
	14	2.702	0.5000000000000000	0.5000000000000000	0.0000000000000000
	15	0.017	0.0000000000000000	0.0000000000000000	0.0000000000000000
	16	0.070	0.5000000000000000	0.5000000000000000	0.5000000000000000
#	8	6	2	mart	afm 	Mart_A_3	1.3968207951624643	-99.65504573	5.039233421038723	5.104728853604676	7.038906034184574
	1	-0.006	0.2500010288804673	0.2499998726083808	0.2499984039976038
	2	-0.003	0.7499989711195327	0.2499998726083808	0.2499984039976038
	3	-0.005	0.2500010288804673	0.7500001273916194	0.2499984039976038
	4	-0.003	0.7499989711195327	0.7500001273916194	0.2499984039976038
	5	-0.003	0.2500010288804673	0.2499998726083808	0.7500015960023962
	6	-0.005	0.7499989711195327	0.2499998726083808	0.7500015960023962
	7	-0.003	0.2500010288804673	0.7500001273916194	0.7500015960023962
	8	-0.006	0.7499989711195327	0.7500001273916194	0.7500015960023962
	9	-0.041	0.0000000000000000	0.0000000000000000	0.5000000000000000
	10	2.621	0.5000000000000000	0.0000000000000000	0.0000000000000000
	11	-2.632	0.5000000000000000	0.0000000000000000	0.5000000000000000
	12	2.636	0.0000000000000000	0.5000000000000000	0.0000000000000000
	13	-2.617	0.0000000000000000	0.5000000000000000	0.5000000000000000
	14	-0.076	0.5000000000000000	0.5000000000000000	0.0000000000000000
	15	-0.056	0.0000000000000000	0.0000000000000000	0.0000000000000000
	16	0.057	0.5000000000000000	0.5000000000000000	0.5000000000000000
#	8	6	2	mart	afm 	Mart_A_4	1.3712700224547947	-100.21758995	5.12574883594815	5.145580066442346	7.028785721368257
	1	0.200	0.2489088080947245	0.2518763403403668	0.2487387353653635
	2	0.197	0.7510911919052755	0.2518763403403668	0.2487387353653635
	3	0.175	0.2489088080947245	0.7481236596596330	0.2487387353653635
	4	0.202	0.7510911919052755	0.7481236596596330	0.2487387353653635
	5	0.202	0.2489088080947245	0.2518763403403668	0.7512612646346368
	6	0.175	0.7510911919052755	0.2518763403403668	0.7512612646346368
	7	0.197	0.2489088080947245	0.7481236596596330	0.7512612646346368
	8	0.200	0.7510911919052755	0.7481236596596330	0.7512612646346368
	9	2.663	0.0000000000000000	0.0000000000000000	0.5000000000000000
	10	-2.687	0.5000000000000000	0.0000000000000000	0.0000000000000000
	11	2.625	0.5000000000000000	0.0000000000000000	0.5000000000000000
	12	2.480	0.0000000000000000	0.5000000000000000	0.0000000000000000
	13	2.673	0.0000000000000000	0.5000000000000000	0.5000000000000000
	14	-2.704	0.5000000000000000	0.5000000000000000	0.0000000000000000
	15	-0.017	0.0000000000000000	0.0000000000000000	0.0000000000000000
	16	-0.070	0.5000000000000000	0.5000000000000000	0.5000000000000000
#	8	6	2	mart	fm	Mart_A_M	1.4061723750312733	-100.95528524	5.087376963546209	5.089676328382479	7.15372894750916
	1	0.539	0.2500000000000000	0.2500000000000000	0.2500000000000000
	2	0.501	0.7500000000000000	0.2500000000000000	0.2500000000000000
	3	0.501	0.2500000000000000	0.7500000000000000	0.2500000000000000
	4	0.510	0.7500000000000000	0.7500000000000000	0.2500000000000000
	5	0.510	0.2500000000000000	0.2500000000000000	0.7500000000000000
	6	0.501	0.7500000000000000	0.2500000000000000	0.7500000000000000
	7	0.501	0.2500000000000000	0.7500000000000000	0.7500000000000000
	8	0.539	0.7500000000000000	0.7500000000000000	0.7500000000000000
	9	2.638	0.0000000000000000	0.0000000000000000	0.5000000000000000
	10	2.596	0.5000000000000000	0.0000000000000000	0.0000000000000000
	11	2.598	0.5000000000000000	0.0000000000000000	0.5000000000000000
	12	2.598	0.0000000000000000	0.5000000000000000	0.0000000000000000
	13	2.596	0.0000000000000000	0.5000000000000000	0.5000000000000000
	14	2.638	0.5000000000000000	0.5000000000000000	0.0000000000000000
	15	-0.089	0.0000000000000000	0.0000000000000000	0.0000000000000000
	16	-0.089	0.5000000000000000	0.5000000000000000	0.5000000000000000
#	8	6	2	mart	fm	Mart_A	1.4063639006029947	-100.95529005	5.087612183621118	5.089683260371275	7.155034115312715
	1	0.539	0.2500000000000000	0.2500000000000000	0.2500000000000000
	2	0.501	0.7500000000000000	0.2500000000000000	0.2500000000000000
	3	0.501	0.2500000000000000	0.7500000000000000	0.2500000000000000
	4	0.510	0.7500000000000000	0.7500000000000000	0.2500000000000000
	5	0.510	0.2500000000000000	0.2500000000000000	0.7500000000000000
	6	0.501	0.7500000000000000	0.2500000000000000	0.7500000000000000
	7	0.501	0.2500000000000000	0.7500000000000000	0.7500000000000000
	8	0.539	0.7500000000000000	0.7500000000000000	0.7500000000000000
	9	2.638	0.0000000000000000	0.0000000000000000	0.5000000000000000
	10	2.599	0.5000000000000000	0.0000000000000000	0.0000000000000000
	11	2.597	0.5000000000000000	0.0000000000000000	0.5000000000000000
	12	2.597	0.0000000000000000	0.5000000000000000	0.0000000000000000
	13	2.599	0.0000000000000000	0.5000000000000000	0.5000000000000000
	14	2.638	0.5000000000000000	0.5000000000000000	0.0000000000000000
	15	-0.089	0.0000000000000000	0.0000000000000000	0.0000000000000000
	16	-0.089	0.5000000000000000	0.5000000000000000	0.5000000000000000
#	8	6	2	mart	pm	Mart_A	1.4582382358956603	-97.66867541	4.935740653742155	4.935950557509513	7.197485743751453
	1	0	0.2500000000000000	0.2500000000000000	0.2500000000000000
	2	0	0.7500000000000000	0.2500000000000000	0.2500000000000000
	3	0	0.2500000000000000	0.7500000000000000	0.2500000000000000
	4	0	0.7500000000000000	0.7500000000000000	0.2500000000000000
	5	0	0.2500000000000000	0.2500000000000000	0.7500000000000000
	6	0	0.7500000000000000	0.2500000000000000	0.7500000000000000
	7	0	0.2500000000000000	0.7500000000000000	0.7500000000000000
	8	0	0.7500000000000000	0.7500000000000000	0.7500000000000000
	9	0	0.0000000000000000	0.0000000000000000	0.5000000000000000
	10	0	0.5000000000000000	0.0000000000000000	0.0000000000000000
	11	0	0.5000000000000000	0.0000000000000000	0.5000000000000000
	12	0	0.0000000000000000	0.5000000000000000	0.0000000000000000
	13	0	0.0000000000000000	0.5000000000000000	0.5000000000000000
	14	0	0.5000000000000000	0.5000000000000000	0.0000000000000000
	15	0	0.0000000000000000	0.0000000000000000	0.0000000000000000
	16	0	0.5000000000000000	0.5000000000000000	0.5000000000000000
#	8	6	2	mart	afm 	Mart_B_1	1.3533135625817654	-100.01842907	5.166624335364075	5.118522947764202	6.992062785813202
	1	0.035	0.2516997496617260	0.2537315227087152	0.2479408614796159
	2	0.062	0.7483002503382734	0.2537315227087152	0.2479408614796159
	3	0.062	0.2516997496617260	0.7462684772912848	0.2479408614796159
	4	0.085	0.7483002503382734	0.7462684772912848	0.2479408614796159
	5	0.085	0.2516997496617260	0.2537315227087152	0.7520591385203838
	6	0.062	0.7483002503382734	0.2537315227087152	0.7520591385203838
	7	0.062	0.2516997496617260	0.7462684772912848	0.7520591385203838
	8	0.035	0.7483002503382734	0.7462684772912848	0.7520591385203838
	9	-2.625	0.0000000000000000	0.0000000000000000	0.5000000000000000
	10	2.635	0.5000000000000000	0.0000000000000000	0.0000000000000000
	11	2.687	0.0000000000000000	0.5000000000000000	0.0000000000000000
	12	-2.665	0.0000000000000000	0.5000000000000000	0.5000000000000000
	13	-2.445	0.5000000000000000	0.5000000000000000	0.0000000000000000
	14	2.618	0.5000000000000000	0.5000000000000000	0.5000000000000000
	15	-0.081	0.0000000000000000	0.0000000000000000	0.0000000000000000
	16	-0.015	0.5000000000000000	0.0000000000000000	0.5000000000000000
#	8	6	2	mart	afm 	Mart_B_2	1.346810481191061	-100.04131562	5.176380446688245	5.127546068043356	6.971603440232194
	1	0.013	0.2478570256720380	0.2539592793740019	0.2501769260529841
	2	0.036	0.7521429743279622	0.2539592793740019	0.2501769260529841
	3	0.014	0.2478570256720380	0.7460407206259984	0.2501769260529841
	4	0.035	0.7521429743279622	0.7460407206259984	0.2501769260529841
	5	0.035	0.2478570256720380	0.2539592793740019	0.7498230739470159
	6	0.014	0.7521429743279622	0.2539592793740019	0.7498230739470159
	7	0.036	0.2478570256720380	0.7460407206259984	0.7498230739470159
	8	0.013	0.7521429743279622	0.7460407206259984	0.7498230739470159
	9	-2.466	0.0000000000000000	0.0000000000000000	0.5000000000000000
	10	-2.661	0.5000000000000000	0.0000000000000000	0.0000000000000000
	11	2.582	0.0000000000000000	0.5000000000000000	0.0000000000000000
	12	2.670	0.0000000000000000	0.5000000000000000	0.5000000000000000
	13	-2.552	0.5000000000000000	0.5000000000000000	0.0000000000000000
	14	2.721	0.5000000000000000	0.5000000000000000	0.5000000000000000
	15	-0.026	0.0000000000000000	0.0000000000000000	0.0000000000000000
	16	-0.023	0.5000000000000000	0.0000000000000000	0.5000000000000000
#	8	6	2	mart	afm 	Mart_B_3	1.355735808106185	-100.26061119	5.136563234104769	5.1713160845938395	6.963822707077548
	1	0.014	0.2500159105103062	0.2561876187132525	0.2499429662989581
	2	0.012	0.7499840894896939	0.2561876187132525	0.2499429662989581
	3	-0.014	0.2500159105103062	0.7438123812867476	0.2499429662989581
	4	-0.012	0.7499840894896939	0.7438123812867476	0.2499429662989581
	5	-0.012	0.2500159105103062	0.2561876187132525	0.7500570337010417
	6	-0.014	0.7499840894896939	0.2561876187132525	0.7500570337010417
	7	0.012	0.2500159105103062	0.7438123812867476	0.7500570337010417
	8	0.014	0.7499840894896939	0.7438123812867476	0.7500570337010417
	9	2.674	0.0000000000000000	0.0000000000000000	0.5000000000000000
	10	-2.673	0.5000000000000000	0.0000000000000000	0.0000000000000000
	11	2.561	0.0000000000000000	0.5000000000000000	0.0000000000000000
	12	2.638	0.0000000000000000	0.5000000000000000	0.5000000000000000
	13	-2.637	0.5000000000000000	0.5000000000000000	0.0000000000000000
	14	-2.562	0.5000000000000000	0.5000000000000000	0.5000000000000000
	15	0.020	0.0000000000000000	0.0000000000000000	0.0000000000000000
	16	-0.020	0.5000000000000000	0.0000000000000000	0.5000000000000000
#	8	6	2	mart	afm 	Mart_B_4	1.3850146813932003	-100.26158725	5.0965726851099005	5.123902706136493	7.058827993664776
	1	-0.006	0.2491187712664449	0.2538654144465261	0.2512398789059619
	2	-0.022	0.7508812287335552	0.2538654144465261	0.2512398789059619
	3	-0.016	0.2491187712664449	0.7461345855534739	0.2512398789059619
	4	-0.008	0.7508812287335552	0.7461345855534739	0.2512398789059619
	5	-0.008	0.2491187712664449	0.2538654144465261	0.7487601210940380
	6	-0.016	0.7508812287335552	0.2538654144465261	0.7487601210940380
	7	-0.022	0.2491187712664449	0.7461345855534739	0.7487601210940380
	8	-0.006	0.7508812287335552	0.7461345855534739	0.7487601210940380
	9	-2.514	0.0000000000000000	0.0000000000000000	0.5000000000000000
	10	-2.526	0.5000000000000000	0.0000000000000000	0.0000000000000000
	11	2.729	0.0000000000000000	0.5000000000000000	0.0000000000000000
	12	2.508	0.0000000000000000	0.5000000000000000	0.5000000000000000
	13	2.677	0.5000000000000000	0.5000000000000000	0.0000000000000000
	14	-2.527	0.5000000000000000	0.5000000000000000	0.5000000000000000
	15	0.010	0.0000000000000000	0.0000000000000000	0.0000000000000000
	16	0.065	0.5000000000000000	0.0000000000000000	0.5000000000000000
#	8	6	2	mart	fm	Mart_B_M	1.4029808495446618	-101.12999134	5.090938974359229	5.0862819166454765	7.142489887226541
	1	0.520	0.2500000000000000	0.2530584359741652	0.2500000000000000
	2	0.502	0.7500000000000000	0.2530584359741652	0.2500000000000000
	3	0.520	0.2500000000000000	0.7469415640258349	0.2500000000000000
	4	0.502	0.7500000000000000	0.7469415640258349	0.2500000000000000
	5	0.502	0.2500000000000000	0.2530584359741652	0.7500000000000000
	6	0.520	0.7500000000000000	0.2530584359741652	0.7500000000000000
	7	0.502	0.2500000000000000	0.7469415640258349	0.7500000000000000
	8	0.520	0.7500000000000000	0.7469415640258349	0.7500000000000000
	9	2.607	0.0000000000000000	0.0000000000000000	0.5000000000000000
	10	2.607	0.5000000000000000	0.0000000000000000	0.0000000000000000
	11	2.607	0.0000000000000000	0.5000000000000000	0.0000000000000000
	12	2.607	0.0000000000000000	0.5000000000000000	0.5000000000000000
	13	2.607	0.5000000000000000	0.5000000000000000	0.0000000000000000
	14	2.607	0.5000000000000000	0.5000000000000000	0.5000000000000000
	15	-0.089	0.0000000000000000	0.0000000000000000	0.0000000000000000
	16	-0.089	0.5000000000000000	0.0000000000000000	0.5000000000000000
#	8	6	2	mart	fm	Mart_B	1.4031071743945593	-101.12997157	5.090538733462653	5.087587386036044	7.142571418454842
	1	0.520	0.2500000000000000	0.2531191795111252	0.2500000000000000
	2	0.502	0.7500000000000000	0.2531191795111252	0.2500000000000000
	3	0.520	0.2500000000000000	0.7468808204888747	0.2500000000000000
	4	0.502	0.7500000000000000	0.7468808204888747	0.2500000000000000
	5	0.502	0.2500000000000000	0.2531191795111252	0.7500000000000000
	6	0.520	0.7500000000000000	0.2531191795111252	0.7500000000000000
	7	0.502	0.2500000000000000	0.7468808204888747	0.7500000000000000
	8	0.520	0.7500000000000000	0.7468808204888747	0.7500000000000000
	9	2.607	0.0000000000000000	0.0000000000000000	0.5000000000000000
	10	2.607	0.5000000000000000	0.0000000000000000	0.0000000000000000
	11	2.607	0.0000000000000000	0.5000000000000000	0.0000000000000000
	12	2.608	0.0000000000000000	0.5000000000000000	0.5000000000000000
	13	2.608	0.5000000000000000	0.5000000000000000	0.0000000000000000
	14	2.607	0.5000000000000000	0.5000000000000000	0.5000000000000000
	15	-0.089	0.0000000000000000	0.0000000000000000	0.0000000000000000
	16	-0.089	0.5000000000000000	0.0000000000000000	0.5000000000000000
#	8	6	2	mart	pm	Mart_B	1.435457685851247	-97.65304856	4.963645344463323	4.965387204289437	7.125102859549637
	1	0	0.2500000000000000	0.2570318857440370	0.2500000000000000
	2	0	0.7500000000000000	0.2570318857440370	0.2500000000000000
	3	0	0.2500000000000000	0.7429681142559631	0.2500000000000000
	4	0	0.7500000000000000	0.7429681142559631	0.2500000000000000
	5	0	0.2500000000000000	0.2570318857440370	0.7500000000000000
	6	0	0.7500000000000000	0.2570318857440370	0.7500000000000000
	7	0	0.2500000000000000	0.7429681142559631	0.7500000000000000
	8	0	0.7500000000000000	0.7429681142559631	0.7500000000000000
	9	0	0.0000000000000000	0.0000000000000000	0.5000000000000000
	10	0	0.5000000000000000	0.0000000000000000	0.0000000000000000
	11	0	0.0000000000000000	0.5000000000000000	0.0000000000000000
	12	0	0.0000000000000000	0.5000000000000000	0.5000000000000000
	13	0	0.5000000000000000	0.5000000000000000	0.0000000000000000
	14	0	0.5000000000000000	0.5000000000000000	0.5000000000000000
	15	0	0.0000000000000000	0.0000000000000000	0.0000000000000000
	16	0	0.5000000000000000	0.0000000000000000	0.5000000000000000
#	8	6	2	mart	afm 	Mart_C_1	1.4081773249441893	-99.56480202	5.054006034012297	5.054431599880302	7.116936697227228
	1	0.027	0.2446120131963430	0.2445721092494713	0.2499805236393433
	2	-0.001	0.7553879868036570	0.2445721092494713	0.2499805236393433
	3	-0.001	0.2446120131963430	0.7554278907505286	0.2499805236393433
	4	-0.029	0.7553879868036569	0.7554278907505286	0.2499805236393433
	5	-0.029	0.2446120131963430	0.2445721092494713	0.7500194763606569
	6	-0.001	0.7553879868036569	0.2445721092494713	0.7500194763606569
	7	-0.001	0.2446120131963430	0.7554278907505286	0.7500194763606569
	8	0.027	0.7553879868036570	0.7554278907505286	0.7500194763606569
	9	-0.042	0.0000000000000000	0.0000000000000000	0.0000000000000000
	10	0.019	0.0000000000000000	0.0000000000000000	0.5000000000000000
	11	2.626	0.5000000000000000	0.0000000000000000	0.0000000000000000
	12	-2.625	0.5000000000000000	0.0000000000000000	0.5000000000000000
	13	2.623	0.0000000000000000	0.5000000000000000	0.0000000000000000
	14	-2.626	0.0000000000000000	0.5000000000000000	0.5000000000000000
	15	-0.057	0.5000000000000000	0.5000000000000000	0.0000000000000000
	16	0.057	0.5000000000000000	0.5000000000000000	0.5000000000000000
#	8	6	2	mart	afm 	Mart_C_2	1.3867680793789476	-99.62134996	5.082301275661456	5.073963615110597	7.047973178874212
	1	-0.002	0.2445754572843620	0.2444567646507947	0.2500005578434411
	2	-0.002	0.7554245427156381	0.2444567646507947	0.2500005578434411
	3	-0.002	0.2445754572843620	0.7555432353492052	0.2500005578434411
	4	-0.002	0.7554245427156381	0.7555432353492052	0.2500005578434411
	5	-0.002	0.2445754572843620	0.2444567646507947	0.7499994421565589
	6	-0.002	0.7554245427156381	0.2444567646507947	0.7499994421565589
	7	-0.002	0.2445754572843620	0.7555432353492052	0.7499994421565589
	8	-0.002	0.7554245427156381	0.7555432353492052	0.7499994421565589
	9	0.020	0.0000000000000000	0.0000000000000000	0.0000000000000000
	10	-0.017	0.0000000000000000	0.0000000000000000	0.5000000000000000
	11	-2.659	0.5000000000000000	0.0000000000000000	0.0000000000000000
	12	-2.658	0.5000000000000000	0.0000000000000000	0.5000000000000000
	13	2.660	0.0000000000000000	0.5000000000000000	0.0000000000000000
	14	2.660	0.0000000000000000	0.5000000000000000	0.5000000000000000
	15	0.001	0.5000000000000000	0.5000000000000000	0.0000000000000000
	16	0.000	0.5000000000000000	0.5000000000000000	0.5000000000000000
#	8	6	2	mart	afm 	Mart_C_3	1.3777804074157263	-100.17769783	5.116752004073401	5.142293555008958	7.049760660817484
	1	0.206	0.2455945441577943	0.2479235015912589	0.2488471999954007
	2	0.220	0.7544054558422058	0.2479235015912589	0.2488471999954007
	3	0.192	0.2455945441577943	0.7520764984087412	0.2488471999954007
	4	0.229	0.7544054558422058	0.7520764984087412	0.2488471999954007
	5	0.229	0.2455945441577943	0.2479235015912589	0.7511528000045996
	6	0.192	0.7544054558422058	0.2479235015912589	0.7511528000045996
	7	0.220	0.2455945441577943	0.7520764984087412	0.7511528000045996
	8	0.206	0.7544054558422058	0.7520764984087412	0.7511528000045996
	9	-2.654	0.0000000000000000	0.0000000000000000	0.0000000000000000
	10	2.666	0.0000000000000000	0.0000000000000000	0.5000000000000000
	11	-2.680	0.5000000000000000	0.0000000000000000	0.0000000000000000
	12	2.659	0.5000000000000000	0.0000000000000000	0.5000000000000000
	13	2.554	0.0000000000000000	0.5000000000000000	0.0000000000000000
	14	2.643	0.0000000000000000	0.5000000000000000	0.5000000000000000
	15	-0.031	0.5000000000000000	0.5000000000000000	0.0000000000000000
	16	-0.068	0.5000000000000000	0.5000000000000000	0.5000000000000000
#	8	6	2	mart	NA	Mart_C_4	1.400976427603632	-99.23219605	5.075339278030297	5.060072384417487	7.110430690611283
	1	0.222	0.2433447915770052	0.2458790906381097	0.2529990263948232
	2	0.249	0.7566552084229947	0.2458790906381097	0.2529990263948232
	3	0.204	0.2433447915770052	0.7541209093618908	0.2529990263948232
	4	0.232	0.7566552084229947	0.7541209093618908	0.2529990263948232
	5	0.232	0.2433447915770052	0.2458790906381097	0.7470009736051769
	6	0.204	0.7566552084229947	0.2458790906381097	0.7470009736051769
	7	0.249	0.2433447915770052	0.7541209093618908	0.7470009736051769
	8	0.222	0.7566552084229947	0.7541209093618908	0.7470009736051769
	9	2.616	0.0000000000000000	0.0000000000000000	0.0000000000000000
	10	-0.381	0.0000000000000000	0.0000000000000000	0.5000000000000000
	11	-2.425	0.5000000000000000	0.0000000000000000	0.0000000000000000
	12	2.687	0.5000000000000000	0.0000000000000000	0.5000000000000000
	13	2.753	0.0000000000000000	0.5000000000000000	0.0000000000000000
	14	-0.470	0.0000000000000000	0.5000000000000000	0.5000000000000000
	15	0.003	0.5000000000000000	0.5000000000000000	0.0000000000000000
	16	-0.049	0.5000000000000000	0.5000000000000000	0.5000000000000000
#	8	6	2	mart	fm	Mart_C_M	1.403060969886772	-101.13764126	5.092399149997224	5.093179223301932	7.144946490445678
	1	0.536	0.2465325766875426	0.2465408589557277	0.2500000000000000
	2	0.522	0.7534674233124575	0.2465408589557277	0.2500000000000000
	3	0.522	0.2465325766875426	0.7534591410442724	0.2500000000000000
	4	0.536	0.7534674233124575	0.7534591410442724	0.2500000000000000
	5	0.536	0.2465325766875426	0.2465408589557277	0.7500000000000000
	6	0.522	0.7534674233124575	0.2465408589557277	0.7500000000000000
	7	0.522	0.2465325766875426	0.7534591410442724	0.7500000000000000
	8	0.536	0.7534674233124575	0.7534591410442724	0.7500000000000000
	9	2.640	0.0000000000000000	0.0000000000000000	0.0000000000000000
	10	2.640	0.0000000000000000	0.0000000000000000	0.5000000000000000
	11	2.612	0.5000000000000000	0.0000000000000000	0.0000000000000000
	12	2.612	0.5000000000000000	0.0000000000000000	0.5000000000000000
	13	2.612	0.0000000000000000	0.5000000000000000	0.0000000000000000
	14	2.612	0.0000000000000000	0.5000000000000000	0.5000000000000000
	15	-0.098	0.5000000000000000	0.5000000000000000	0.0000000000000000
	16	-0.098	0.5000000000000000	0.5000000000000000	0.5000000000000000
#	8	6	2	mart	fm	Mart_C	1.401979976885071	-101.13755255	5.092113700254941	5.095801215462381	7.139041447779575
	1	0.537	0.2464852645009330	0.2465397365061811	0.2500000000000000
	2	0.523	0.7535147354990671	0.2465397365061811	0.2500000000000000
	3	0.523	0.2464852645009330	0.7534602634938190	0.2500000000000000
	4	0.537	0.7535147354990671	0.7534602634938190	0.2500000000000000
	5	0.537	0.2464852645009330	0.2465397365061811	0.7500000000000000
	6	0.523	0.7535147354990671	0.2465397365061811	0.7500000000000000
	7	0.523	0.2464852645009330	0.7534602634938190	0.7500000000000000
	8	0.537	0.7535147354990671	0.7534602634938190	0.7500000000000000
	9	2.639	0.0000000000000000	0.0000000000000000	0.0000000000000000
	10	2.639	0.0000000000000000	0.0000000000000000	0.5000000000000000
	11	2.614	0.5000000000000000	0.0000000000000000	0.0000000000000000
	12	2.614	0.5000000000000000	0.0000000000000000	0.5000000000000000
	13	2.612	0.0000000000000000	0.5000000000000000	0.0000000000000000
	14	2.612	0.0000000000000000	0.5000000000000000	0.5000000000000000
	15	-0.098	0.5000000000000000	0.5000000000000000	0.0000000000000000
	16	-0.098	0.5000000000000000	0.5000000000000000	0.5000000000000000
#	8	6	2	mart	NA	Mart_C	1.4448102839751629	-97.68582062	4.953956185978245	4.9529239053379195	7.157526843863743
	1	0	0.2433928052805230	0.2433817865068808	0.2500000000000000
	2	0	0.7566071947194768	0.2433817865068808	0.2500000000000000
	3	0	0.2433928052805230	0.7566182134931192	0.2500000000000000
	4	0	0.7566071947194768	0.7566182134931192	0.2500000000000000
	5	0	0.2433928052805230	0.2433817865068808	0.7500000000000000
	6	0	0.7566071947194768	0.2433817865068808	0.7500000000000000
	7	0	0.2433928052805230	0.7566182134931192	0.7500000000000000
	8	0	0.7566071947194768	0.7566182134931192	0.7500000000000000
	9	0	0.0000000000000000	0.0000000000000000	0.0000000000000000
	10	0	0.0000000000000000	0.0000000000000000	0.5000000000000000
	11	0	0.5000000000000000	0.0000000000000000	0.0000000000000000
	12	0	0.5000000000000000	0.0000000000000000	0.5000000000000000
	13	0	0.0000000000000000	0.5000000000000000	0.0000000000000000
	14	0	0.0000000000000000	0.5000000000000000	0.5000000000000000
	15	0	0.5000000000000000	0.5000000000000000	0.0000000000000000
	16	0	0.5000000000000000	0.5000000000000000	0.5000000000000000
#	8	8	0	mart	NA	Mn_0	1.4595057290378852	-106.2238215	4.868608141622289	4.868608141622289	7.105761475138222
	1	0	0.0000000000000000	0.0000000000000000	0.0000000000000000
	2	0	0.0000000000000000	0.0000000000000000	0.5000000000000000
	3	0	0.5000000000000000	0.0000000000000000	0.0000000000000000
	4	0	0.5000000000000000	0.0000000000000000	0.5000000000000000
	5	0	0.0000000000000000	0.5000000000000000	0.0000000000000000
	6	0	0.0000000000000000	0.5000000000000000	0.5000000000000000
	7	0	0.5000000000000000	0.5000000000000000	0.0000000000000000
	8	0	0.5000000000000000	0.5000000000000000	0.5000000000000000
	9	0	0.2500000000000000	0.2500000000000000	0.2500000000000000
	10	0	0.7500000000000000	0.2500000000000000	0.2500000000000000
	11	0	0.2500000000000000	0.2500000000000000	0.7500000000000000
	12	0	0.7500000000000000	0.2500000000000000	0.7500000000000000
	13	0	0.2500000000000000	0.7500000000000000	0.2500000000000000
	14	0	0.7500000000000000	0.7500000000000000	0.2500000000000000
	15	0	0.2500000000000000	0.7500000000000000	0.7500000000000000
	16	0	0.7500000000000000	0.7500000000000000	0.7500000000000000
#	8	8	0	mart	fm	Mn_1	1.4269508703881217	-110.71441846	5.02048315071712	5.02048315071712	7.1639828016846945
	1	0.601	0.0000000000000000	0.0000000000000000	0.0000000000000000
	2	0.601	0.0000000000000000	0.0000000000000000	0.5000000000000000
	3	0.601	0.5000000000000000	0.0000000000000000	0.0000000000000000
	4	0.601	0.5000000000000000	0.0000000000000000	0.5000000000000000
	5	0.601	0.0000000000000000	0.5000000000000000	0.0000000000000000
	6	0.601	0.0000000000000000	0.5000000000000000	0.5000000000000000
	7	0.601	0.5000000000000000	0.5000000000000000	0.0000000000000000
	8	0.601	0.5000000000000000	0.5000000000000000	0.5000000000000000
	9	2.625	0.2500000000000000	0.2500000000000000	0.2500000000000000
	10	2.625	0.7500000000000000	0.2500000000000000	0.2500000000000000
	11	2.625	0.2500000000000000	0.2500000000000000	0.7500000000000000
	12	2.625	0.7500000000000000	0.2500000000000000	0.7500000000000000
	13	2.625	0.2500000000000000	0.7500000000000000	0.2500000000000000
	14	2.625	0.7500000000000000	0.7500000000000000	0.2500000000000000
	15	2.625	0.2500000000000000	0.7500000000000000	0.7500000000000000
	16	2.625	0.7500000000000000	0.7500000000000000	0.7500000000000000
#	8	8	0	mart	fm	Mn_2	1.4271011714144295	-110.71441906	5.020305017459311	5.020308272334766	7.16448317127392
	1	0.601	0.0000000000000000	0.0000000000000000	0.0000000000000000
	2	0.601	0.0000000000000000	0.0000000000000000	0.5000000000000000
	3	0.601	0.5000000000000000	0.0000000000000000	0.0000000000000000
	4	0.601	0.5000000000000000	0.0000000000000000	0.5000000000000000
	5	0.601	0.0000000000000000	0.5000000000000000	0.0000000000000000
	6	0.601	0.0000000000000000	0.5000000000000000	0.5000000000000000
	7	0.601	0.5000000000000000	0.5000000000000000	0.0000000000000000
	8	0.601	0.5000000000000000	0.5000000000000000	0.5000000000000000
	9	2.625	0.2499996726643808	0.2500000000000000	0.2500000000000000
	10	2.625	0.7500003273356188	0.2500000000000000	0.2500000000000000
	11	2.625	0.2499996726643808	0.2500000000000000	0.7500000000000000
	12	2.625	0.7500003273356188	0.2500000000000000	0.7500000000000000
	13	2.625	0.2499996726643808	0.7500000000000000	0.2500000000000000
	14	2.625	0.7500003273356188	0.7500000000000000	0.2500000000000000
	15	2.625	0.2499996726643808	0.7500000000000000	0.7500000000000000
	16	2.625	0.7500003273356188	0.7500000000000000	0.7500000000000000
#	8	8	0	mart	fm	Mn_3	1.4272374299585595	-110.71441978	5.0199173697232835	5.019917277130853	7.164613965368191
	1	0.601	0.0000000000000000	0.0000000000000000	0.0000000000000000
	2	0.601	0.0000000000000000	0.0000000000000000	0.5000000000000000
	3	0.601	0.5000000000000000	0.0000000000000000	0.0000000000000000
	4	0.601	0.5000000000000000	0.0000000000000000	0.5000000000000000
	5	0.601	0.0000000000000000	0.5000000000000000	0.0000000000000000
	6	0.601	0.0000000000000000	0.5000000000000000	0.5000000000000000
	7	0.601	0.5000000000000000	0.5000000000000000	0.0000000000000000
	8	0.601	0.5000000000000000	0.5000000000000000	0.5000000000000000
	9	2.625	0.2499997526950000	0.2499993444200941	0.2499987477089146
	10	2.625	0.7500002473049999	0.2499993444200941	0.2499987477089146
	11	2.625	0.2499997526950000	0.2499993444200941	0.7500012522910852
	12	2.625	0.7500002473049999	0.2499993444200941	0.7500012522910852
	13	2.625	0.2499997526950000	0.7500006555799058	0.2499987477089146
	14	2.625	0.7500002473049999	0.7500006555799058	0.2499987477089146
	15	2.625	0.2499997526950000	0.7500006555799058	0.7500012522910852
	16	2.625	0.7500002473049999	0.7500006555799058	0.7500012522910852
#	8	8	0	mart	NA	Mn_4	1.4597654660549677	-106.22382183	4.86816915308737	4.86816915308737	7.106385212591002
	1	-0.001	0.0000000000000000	0.0000000000000000	0.0000000000000000
	2	-0.001	0.0000000000000000	0.0000000000000000	0.5000000000000000
	3	-0.001	0.5000000000000000	0.0000000000000000	0.0000000000000000
	4	-0.001	0.5000000000000000	0.0000000000000000	0.5000000000000000
	5	-0.001	0.0000000000000000	0.5000000000000000	0.0000000000000000
	6	-0.001	0.0000000000000000	0.5000000000000000	0.5000000000000000
	7	-0.001	0.5000000000000000	0.5000000000000000	0.0000000000000000
	8	-0.001	0.5000000000000000	0.5000000000000000	0.5000000000000000
	9	-0.001	0.2500000000000000	0.2500000000000000	0.2500000000000000
	10	-0.001	0.7500000000000000	0.2500000000000000	0.2500000000000000
	11	-0.001	0.2500000000000000	0.2500000000000000	0.7500000000000000
	12	-0.001	0.7500000000000000	0.2500000000000000	0.7500000000000000
	13	-0.001	0.2500000000000000	0.7500000000000000	0.2500000000000000
	14	-0.001	0.7500000000000000	0.7500000000000000	0.2500000000000000
	15	-0.001	0.2500000000000000	0.7500000000000000	0.7500000000000000
	16	-0.001	0.7500000000000000	0.7500000000000000	0.7500000000000000
#	8	8	0	mart	fm	Mn_5	1.4270438838037374	-110.71442053	5.020323737161391	5.020323737161391	7.164222283830885
	1	0.601	0.0000000000000000	0.0000000000000000	0.0000000000000000
	2	0.601	0.0000000000000000	0.0000000000000000	0.5000000000000000
	3	0.601	0.5000000000000000	0.0000000000000000	0.0000000000000000
	4	0.601	0.5000000000000000	0.0000000000000000	0.5000000000000000
	5	0.601	0.0000000000000000	0.5000000000000000	0.0000000000000000
	6	0.601	0.0000000000000000	0.5000000000000000	0.5000000000000000
	7	0.601	0.5000000000000000	0.5000000000000000	0.0000000000000000
	8	0.601	0.5000000000000000	0.5000000000000000	0.5000000000000000
	9	2.625	0.2500000300289366	0.2500000300289366	0.2499986123789904
	10	2.625	0.7499999699710634	0.2500000300289366	0.2499986123789904
	11	2.625	0.2500000300289366	0.2500000300289366	0.7500013876210097
	12	2.625	0.7499999699710634	0.2500000300289366	0.7500013876210097
	13	2.625	0.2500000300289366	0.7499999699710634	0.2499986123789904
	14	2.625	0.7499999699710634	0.7499999699710634	0.2499986123789904
	15	2.625	0.2500000300289366	0.7499999699710634	0.7500013876210097
	16	2.625	0.7499999699710634	0.7499999699710634	0.7500013876210097
#	8	8	0	aust	fm	Mn	1.0	-108.41141357	5.706178360717804	5.706178360717804	5.706178360717804
	1	0.699	0.0000000000000000	0.0000000000000000	0.0000000000000000
	2	0.699	0.0000000000000000	0.0000000000000000	0.5000000000000000
	3	0.699	0.5000000000000000	0.0000000000000000	0.0000000000000000
	4	0.699	0.5000000000000000	0.0000000000000000	0.5000000000000000
	5	0.699	0.0000000000000000	0.5000000000000000	0.0000000000000000
	6	0.699	0.0000000000000000	0.5000000000000000	0.5000000000000000
	7	0.699	0.5000000000000000	0.5000000000000000	0.0000000000000000
	8	0.699	0.5000000000000000	0.5000000000000000	0.5000000000000000
	9	2.812	0.2500000000000000	0.2500000000000000	0.2500000000000000
	10	2.812	0.7500000000000000	0.2500000000000000	0.2500000000000000
	11	2.812	0.2500000000000000	0.2500000000000000	0.7500000000000000
	12	2.812	0.7500000000000000	0.2500000000000000	0.7500000000000000
	13	2.812	0.2500000000000000	0.7500000000000000	0.2500000000000000
	14	2.812	0.7500000000000000	0.7500000000000000	0.2500000000000000
	15	2.812	0.2500000000000000	0.7500000000000000	0.7500000000000000
	16	2.812	0.7500000000000000	0.7500000000000000	0.7500000000000000
#	8	4	4	pm	afm 	Aust_A_1	0.8855213729644602	-91.8182467	5.995943243766921	5.309535893437463	5.995943243766921
	1	0.016	0.2500000000000000	0.2499910232330202	0.2500000000000000
	2	-0.016	0.7500000000000000	0.2499910232330202	0.2500000000000000
	3	0.016	0.2500000000000000	0.7500089767669799	0.2500000000000000
	4	-0.016	0.7500000000000000	0.7500089767669799	0.2500000000000000
	5	-0.016	0.2500000000000000	0.2499910232330202	0.7500000000000000
	6	0.016	0.7500000000000000	0.2499910232330202	0.7500000000000000
	7	-0.016	0.2500000000000000	0.7500089767669799	0.7500000000000000
	8	0.016	0.7500000000000000	0.7500089767669799	0.7500000000000000
	9	-2.783	0.0000000000000000	0.0000000000000000	0.0000000000000000
	10	-2.783	0.5000000000000000	0.0000000000000000	0.5000000000000000
	11	2.783	0.0000000000000000	0.5000000000000000	0.5000000000000000
	12	2.783	0.5000000000000000	0.5000000000000000	0.0000000000000000
	13	-0.033	0.0000000000000000	0.0000000000000000	0.5000000000000000
	14	-0.033	0.5000000000000000	0.0000000000000000	0.0000000000000000
	15	0.034	0.0000000000000000	0.5000000000000000	0.0000000000000000
	16	0.034	0.5000000000000000	0.5000000000000000	0.5000000000000000
#	8	4	4	aust	afm 	Aust_B_1	1.0022049969015245	-90.69385103	5.7668457196883525	5.779561596631836	5.762784797618258
	1	0.004	0.2494311598424852	0.2499996328879273	0.2500000000000000
	2	-0.004	0.7505688401575149	0.2499996328879273	0.2500000000000000
	3	-0.004	0.2494311598424852	0.7500003671120727	0.2500000000000000
	4	0.004	0.7505688401575149	0.7500003671120727	0.2500000000000000
	5	0.004	0.2494311598424852	0.2499996328879273	0.7500000000000000
	6	-0.004	0.7505688401575149	0.2499996328879273	0.7500000000000000
	7	-0.004	0.2494311598424852	0.7500003671120727	0.7500000000000000
	8	0.004	0.7505688401575149	0.7500003671120727	0.7500000000000000
	9	-2.879	0.0000000000000000	0.0000000000000000	0.0000000000000000
	10	-2.879	0.0000000000000000	0.0000000000000000	0.5000000000000000
	11	2.880	0.0000000000000000	0.5000000000000000	0.0000000000000000
	12	2.880	0.0000000000000000	0.5000000000000000	0.5000000000000000
	13	0.006	0.5000000000000000	0.0000000000000000	0.5000000000000000
	14	-0.006	0.5000000000000000	0.5000000000000000	0.0000000000000000
	15	0.006	0.5000000000000000	0.0000000000000000	0.0000000000000000
	16	-0.006	0.5000000000000000	0.5000000000000000	0.5000000000000000
#	8	4	4	pm	afm 	Aust_B_2	0.8863443993923754	-90.89657454	5.322031853005891	6.004473945629212	6.004473945629212
	1	0.021	0.2461396014896740	0.2500000000000000	0.2500000000000000
	2	0.021	0.7538603985103260	0.2500000000000000	0.2500000000000000
	3	-0.021	0.2461396014896740	0.7500000000000000	0.2500000000000000
	4	-0.021	0.7538603985103260	0.7500000000000000	0.2500000000000000
	5	-0.021	0.2461396014896740	0.2500000000000000	0.7500000000000000
	6	-0.021	0.7538603985103260	0.2500000000000000	0.7500000000000000
	7	0.021	0.2461396014896740	0.7500000000000000	0.7500000000000000
	8	0.021	0.7538603985103260	0.7500000000000000	0.7500000000000000
	9	-2.819	0.0000000000000000	0.0000000000000000	0.0000000000000000
	10	2.819	0.0000000000000000	0.0000000000000000	0.5000000000000000
	11	2.819	0.0000000000000000	0.5000000000000000	0.0000000000000000
	12	-2.819	0.0000000000000000	0.5000000000000000	0.5000000000000000
	13	-0.058	0.5000000000000000	0.0000000000000000	0.5000000000000000
	14	-0.058	0.5000000000000000	0.5000000000000000	0.0000000000000000
	15	0.058	0.5000000000000000	0.0000000000000000	0.0000000000000000
	16	0.058	0.5000000000000000	0.5000000000000000	0.5000000000000000
#	8	6	2	pm	afm 	Aust_A_1	0.8951374446027052	-99.75772233	5.9435454213620265	5.320290060358113	5.9435454213620265
	1	0.000	0.2499905436517949	0.2499785247874324	0.2499905436517949
	2	0.000	0.7500094563482053	0.2499785247874324	0.2499905436517949
	3	0.000	0.2499905436517949	0.7500214752125677	0.2499905436517949
	4	0.000	0.7500094563482053	0.7500214752125677	0.2499905436517949
	5	0.000	0.2499905436517949	0.2499785247874324	0.7500094563482053
	6	0.000	0.7500094563482053	0.2499785247874324	0.7500094563482053
	7	0.000	0.2499905436517949	0.7500214752125677	0.7500094563482053
	8	0.000	0.7500094563482053	0.7500214752125677	0.7500094563482053
	9	-2.766	0.0000000000000000	0.0000000000000000	0.5000000000000000
	10	-2.803	0.5000000000000000	0.0000000000000000	0.0000000000000000
	11	-2.842	0.5000000000000000	0.0000000000000000	0.5000000000000000
	12	2.842	0.0000000000000000	0.5000000000000000	0.0000000000000000
	13	2.803	0.0000000000000000	0.5000000000000000	0.5000000000000000
	14	2.767	0.5000000000000000	0.5000000000000000	0.0000000000000000
	15	0.003	0.0000000000000000	0.0000000000000000	0.0000000000000000
	16	-0.003	0.5000000000000000	0.5000000000000000	0.5000000000000000
#	8	4	4	aust	NA	Aust_C_2	0.9261668667326084	-91.24671658	5.476538507099143	5.913122898057918	5.913122898057918
	1	-0.168	0.2472735449151070	0.2479071029938725	0.2479071029938725
	2	-0.190	0.7527264550848928	0.2479071029938725	0.2479071029938725
	3	-0.177	0.2472735449151070	0.7520928970061277	0.2479071029938725
	4	-0.169	0.7527264550848928	0.7520928970061277	0.2479071029938725
	5	-0.169	0.2472735449151070	0.2479071029938725	0.7520928970061277
	6	-0.177	0.7527264550848928	0.2479071029938725	0.7520928970061277
	7	-0.190	0.2472735449151070	0.7520928970061277	0.7520928970061277
	8	-0.168	0.7527264550848928	0.7520928970061277	0.7520928970061277
	9	-2.829	0.0000000000000000	0.0000000000000000	0.5000000000000000
	10	-2.819	0.5000000000000000	0.0000000000000000	0.0000000000000000
	11	-2.863	0.0000000000000000	0.5000000000000000	0.0000000000000000
	12	2.844	0.0000000000000000	0.5000000000000000	0.5000000000000000
	13	0.037	0.0000000000000000	0.0000000000000000	0.0000000000000000
	14	0.042	0.5000000000000000	0.0000000000000000	0.5000000000000000
	15	0.046	0.5000000000000000	0.5000000000000000	0.0000000000000000
	16	-0.029	0.5000000000000000	0.5000000000000000	0.5000000000000000
#	8	8	0	aust	NA	Mn_0	1.0	-103.55471068	5.550314199828481	5.550314199828481	5.550314199828481
	1	0	0.0000000000000000	0.0000000000000000	0.0000000000000000
	2	0	0.0000000000000000	0.0000000000000000	0.5000000000000000
	3	0	0.5000000000000000	0.0000000000000000	0.0000000000000000
	4	0	0.5000000000000000	0.0000000000000000	0.5000000000000000
	5	0	0.0000000000000000	0.5000000000000000	0.0000000000000000
	6	0	0.0000000000000000	0.5000000000000000	0.5000000000000000
	7	0	0.5000000000000000	0.5000000000000000	0.0000000000000000
	8	0	0.5000000000000000	0.5000000000000000	0.5000000000000000
	9	0	0.2500000000000000	0.2500000000000000	0.2500000000000000
	10	0	0.7500000000000000	0.2500000000000000	0.2500000000000000
	11	0	0.2500000000000000	0.2500000000000000	0.7500000000000000
	12	0	0.7500000000000000	0.2500000000000000	0.7500000000000000
	13	0	0.2500000000000000	0.7500000000000000	0.2500000000000000
	14	0	0.7500000000000000	0.7500000000000000	0.2500000000000000
	15	0	0.2500000000000000	0.7500000000000000	0.7500000000000000
	16	0	0.7500000000000000	0.7500000000000000	0.7500000000000000
#	8	4	4	aust	afm 	Aust_D_1	1.0033016210588948	-91.27028021	5.757232368283061	5.757232368283061	5.7762405679111355
	1	0.000	0.2499994200375070	0.2499994200375070	0.2500000000000000
	2	0.000	0.7500005799624929	0.2499994200375070	0.2500000000000000
	3	0.000	0.2499994200375070	0.7500005799624929	0.2500000000000000
	4	0.000	0.7500005799624929	0.7500005799624929	0.2500000000000000
	5	0.000	0.2499994200375070	0.2499994200375070	0.7500000000000000
	6	0.000	0.7500005799624929	0.2499994200375070	0.7500000000000000
	7	0.000	0.2499994200375070	0.7500005799624929	0.7500000000000000
	8	0.000	0.7500005799624929	0.7500005799624929	0.7500000000000000
	9	-2.839	0.0000000000000000	0.0000000000000000	0.0000000000000000
	10	-2.839	0.0000000000000000	0.0000000000000000	0.5000000000000000
	11	2.839	0.5000000000000000	0.5000000000000000	0.0000000000000000
	12	2.839	0.5000000000000000	0.5000000000000000	0.5000000000000000
	13	0.011	0.5000000000000000	0.0000000000000000	0.5000000000000000
	14	-0.011	0.0000000000000000	0.5000000000000000	0.5000000000000000
	15	0.011	0.5000000000000000	0.0000000000000000	0.0000000000000000
	16	-0.011	0.0000000000000000	0.5000000000000000	0.0000000000000000
#	8	4	4	aust	afm 	Aust_D_2	0.9266626226897107	-91.24560181	5.902211077105668	5.902211077105668	5.4693583963790005
	1	0.000	0.2500000000000000	0.2500000000000000	0.2500017620563716
	2	0.000	0.7500000000000000	0.2500000000000000	0.2500017620563716
	3	0.000	0.2500000000000000	0.7500000000000000	0.2500017620563716
	4	0.000	0.7500000000000000	0.7500000000000000	0.2500017620563716
	5	0.000	0.2500000000000000	0.2500000000000000	0.7499982379436281
	6	0.000	0.7500000000000000	0.2500000000000000	0.7499982379436281
	7	0.000	0.2500000000000000	0.7500000000000000	0.7499982379436281
	8	0.000	0.7500000000000000	0.7500000000000000	0.7499982379436281
	9	-2.777	0.0000000000000000	0.0000000000000000	0.0000000000000000
	10	2.777	0.0000000000000000	0.0000000000000000	0.5000000000000000
	11	-2.777	0.5000000000000000	0.5000000000000000	0.0000000000000000
	12	2.777	0.5000000000000000	0.5000000000000000	0.5000000000000000
	13	-0.023	0.5000000000000000	0.0000000000000000	0.5000000000000000
	14	-0.023	0.0000000000000000	0.5000000000000000	0.5000000000000000
	15	0.023	0.5000000000000000	0.0000000000000000	0.0000000000000000
	16	0.023	0.0000000000000000	0.5000000000000000	0.0000000000000000
#	8	4	4	aust	afm 	Aust_D_3	0.9999694527265459	-90.65081924	5.75794533570727	5.75794533570727	5.7577694461765665
	1	0.063	0.2500000000000000	0.2500000000000000	0.2500000000000000
	2	0.004	0.7500000000000000	0.2500000000000000	0.2500000000000000
	3	-0.004	0.2500000000000000	0.7500000000000000	0.2500000000000000
	4	-0.063	0.7500000000000000	0.7500000000000000	0.2500000000000000
	5	-0.063	0.2500000000000000	0.2500000000000000	0.7500000000000000
	6	-0.004	0.7500000000000000	0.2500000000000000	0.7500000000000000
	7	0.004	0.2500000000000000	0.7500000000000000	0.7500000000000000
	8	0.063	0.7500000000000000	0.7500000000000000	0.7500000000000000
	9	-2.641	0.0000000000000000	0.0000000000000000	0.0000000000000000
	10	2.641	0.0000000000000000	0.0000000000000000	0.5000000000000000
	11	2.641	0.5000000000000000	0.5000000000000000	0.0000000000000000
	12	-2.641	0.5000000000000000	0.5000000000000000	0.5000000000000000
	13	-0.012	0.5000000000000000	0.0000000000000000	0.5000000000000000
	14	0.012	0.0000000000000000	0.5000000000000000	0.5000000000000000
	15	0.012	0.5000000000000000	0.0000000000000000	0.0000000000000000
	16	-0.012	0.0000000000000000	0.5000000000000000	0.0000000000000000
#	8	4	4	pm	afm 	Aust_E_1	0.8960603647595287	-91.08715558	5.979352584819001	5.979352584819001	5.357860858178745
	1	0.011	0.2501553047739770	0.2501553047739770	0.2524854262220517
	2	-0.010	0.7498446952260234	0.2501553047739770	0.2524854262220518
	3	-0.010	0.2501553047739770	0.7498446952260234	0.2524854262220517
	4	0.000	0.7498446952260234	0.7498446952260234	0.2524854262220517
	5	0.000	0.2501553047739770	0.2501553047739770	0.7475145737779479
	6	-0.010	0.7498446952260234	0.2501553047739770	0.7475145737779479
	7	-0.010	0.2501553047739770	0.7498446952260234	0.7475145737779479
	8	0.011	0.7498446952260234	0.7498446952260234	0.7475145737779479
	9	-2.779	0.0000000000000000	0.0000000000000000	0.0000000000000000
	10	-2.922	0.0000000000000000	0.0000000000000000	0.5000000000000000
	11	2.751	0.5000000000000000	0.0000000000000000	0.5000000000000000
	12	2.809	0.0000000000000000	0.5000000000000000	0.5000000000000000
	13	0.007	0.5000000000000000	0.5000000000000000	0.0000000000000000
	14	-0.034	0.5000000000000000	0.0000000000000000	0.0000000000000000
	15	-0.045	0.0000000000000000	0.5000000000000000	0.0000000000000000
	16	-0.012	0.5000000000000000	0.5000000000000000	0.5000000000000000
#	8	4	4	aust	NA	Aust_E_2	0.9235294332750507	-89.01222362	5.4164852177823235	5.864983857173024	5.864983857173024
	1	0.107	0.2428944616722797	0.2475017427962583	0.2524982572037417
	2	0.107	0.7571055383277202	0.2475017427962583	0.2524982572037417
	3	0.092	0.2428944616722797	0.7524982572037417	0.2524982572037417
	4	0.102	0.7571055383277202	0.7524982572037417	0.2524982572037417
	5	0.102	0.2428944616722797	0.2475017427962583	0.7475017427962583
	6	0.092	0.7571055383277202	0.2475017427962583	0.7475017427962583
	7	0.107	0.2428944616722797	0.7524982572037417	0.7475017427962583
	8	0.107	0.7571055383277202	0.7524982572037417	0.7475017427962583
	9	-0.159	0.0000000000000000	0.0000000000000000	0.0000000000000000
	10	-0.225	0.0000000000000000	0.0000000000000000	0.5000000000000000
	11	2.814	0.5000000000000000	0.0000000000000000	0.5000000000000000
	12	-0.130	0.0000000000000000	0.5000000000000000	0.5000000000000000
	13	-0.007	0.5000000000000000	0.5000000000000000	0.0000000000000000
	14	-0.005	0.5000000000000000	0.0000000000000000	0.0000000000000000
	15	-0.007	0.0000000000000000	0.5000000000000000	0.0000000000000000
	16	-0.012	0.5000000000000000	0.5000000000000000	0.5000000000000000
#	8	4	4	aust	afm 	Aust_F_1	1.0053719949612887	-90.98076887	5.789124376415686	5.758171527524792	5.758191401222185
	1	0.000	0.2499979929489627	0.2489141039446914	0.2510828290610878
	2	0.000	0.7500020070510369	0.2489141039446914	0.2510828290610878
	3	-0.002	0.2499979929489627	0.7510858960553087	0.2510828290610878
	4	0.002	0.7500020070510369	0.7510858960553087	0.2510828290610878
	5	0.002	0.2499979929489627	0.2489141039446914	0.7489171709389121
	6	-0.002	0.7500020070510369	0.2489141039446914	0.7489171709389121
	7	0.000	0.2499979929489627	0.7510858960553087	0.7489171709389121
	8	0.000	0.7500020070510369	0.7510858960553087	0.7489171709389121
	9	-2.833	0.0000000000000000	0.0000000000000000	0.0000000000000000
	10	-2.891	0.0000000000000000	0.0000000000000000	0.5000000000000000
	11	2.892	0.5000000000000000	0.0000000000000000	0.5000000000000000
	12	2.833	0.5000000000000000	0.5000000000000000	0.5000000000000000
	13	0.002	0.0000000000000000	0.5000000000000000	0.5000000000000000
	14	-0.007	0.5000000000000000	0.5000000000000000	0.0000000000000000
	15	-0.002	0.5000000000000000	0.0000000000000000	0.0000000000000000
	16	0.007	0.0000000000000000	0.5000000000000000	0.0000000000000000
#	8	8	0	aust	NA	Mn_1	1.0	-103.55471148	5.5502236046241	5.5502236046241	5.5502236046241
	1	0.000	0.0000000000000000	0.0000000000000000	0.0000000000000000
	2	0.000	0.0000000000000000	0.0000000000000000	0.5000000000000000
	3	0.000	0.5000000000000000	0.0000000000000000	0.0000000000000000
	4	0.000	0.5000000000000000	0.0000000000000000	0.5000000000000000
	5	0.000	0.0000000000000000	0.5000000000000000	0.0000000000000000
	6	0.000	0.0000000000000000	0.5000000000000000	0.5000000000000000
	7	0.000	0.5000000000000000	0.5000000000000000	0.0000000000000000
	8	0.000	0.5000000000000000	0.5000000000000000	0.5000000000000000
	9	0.000	0.2500000000000000	0.2500000000000000	0.2500000000000000
	10	0.000	0.7500000000000000	0.2500000000000000	0.2500000000000000
	11	0.000	0.2500000000000000	0.2500000000000000	0.7500000000000000
	12	0.000	0.7500000000000000	0.2500000000000000	0.7500000000000000
	13	0.000	0.2500000000000000	0.7500000000000000	0.2500000000000000
	14	0.000	0.7500000000000000	0.7500000000000000	0.2500000000000000
	15	0.000	0.2500000000000000	0.7500000000000000	0.7500000000000000
	16	0.000	0.7500000000000000	0.7500000000000000	0.7500000000000000
#	8	4	4	aust	afm 	Aust_F_3	0.933254686666448	-90.64002976	5.505085729057345	5.8988031967150505	5.89880319671505
	1	-0.056	0.2500000000000000	0.2502276276402917	0.2497723723597081
	2	-0.080	0.7500000000000000	0.2502276276402917	0.2497723723597081
	3	-0.106	0.2500000000000000	0.7497723723597083	0.2497723723597081
	4	-0.116	0.7500000000000000	0.7497723723597083	0.2497723723597081
	5	-0.116	0.2500000000000000	0.2502276276402917	0.7502276276402917
	6	-0.106	0.7500000000000000	0.2502276276402917	0.7502276276402917
	7	-0.080	0.2500000000000000	0.7497723723597083	0.7502276276402917
	8	-0.056	0.7500000000000000	0.7497723723597083	0.7502276276402917
	9	-2.816	0.0000000000000000	0.0000000000000000	0.0000000000000000
	10	2.760	0.0000000000000000	0.0000000000000000	0.5000000000000000
	11	2.804	0.5000000000000000	0.0000000000000000	0.5000000000000000
	12	-2.721	0.5000000000000000	0.5000000000000000	0.5000000000000000
	13	0.017	0.0000000000000000	0.5000000000000000	0.5000000000000000
	14	0.003	0.5000000000000000	0.5000000000000000	0.0000000000000000
	15	0.029	0.5000000000000000	0.0000000000000000	0.0000000000000000
	16	0.015	0.0000000000000000	0.5000000000000000	0.0000000000000000
#	8	4	4	pm	afm	 Mart_A_1	0.8915584744326299	-91.81103425	5.9579626840369855	5.311872121306552	6.0238089649810025
	1	0.016	0.2500000000000000	0.2499757974525350	0.2500000000000000
	2	-0.016	0.7500000000000000	0.2499757974525350	0.2500000000000000
	3	0.016	0.2500000000000000	0.7500242025474648	0.2500000000000000
	4	-0.016	0.7500000000000000	0.7500242025474648	0.2500000000000000
	5	-0.016	0.2500000000000000	0.2499757974525350	0.7500000000000000
	6	0.016	0.7500000000000000	0.2499757974525350	0.7500000000000000
	7	-0.016	0.2500000000000000	0.7500242025474648	0.7500000000000000
	8	0.016	0.7500000000000000	0.7500242025474648	0.7500000000000000
	9	-2.781	0.0000000000000000	0.0000000000000000	0.0000000000000000
	10	-2.781	0.5000000000000000	0.0000000000000000	0.5000000000000000
	11	2.781	0.0000000000000000	0.5000000000000000	0.5000000000000000
	12	2.781	0.5000000000000000	0.5000000000000000	0.0000000000000000
	13	-0.033	0.0000000000000000	0.0000000000000000	0.5000000000000000
	14	-0.033	0.5000000000000000	0.0000000000000000	0.0000000000000000
	15	0.033	0.0000000000000000	0.5000000000000000	0.0000000000000000
	16	0.033	0.5000000000000000	0.5000000000000000	0.5000000000000000
#	8	4	4	mart	afm 	Mart_B_1	1.2840379177211403	-90.91049184	5.298683095917183	6.803710009145704	5.287483484889424
	1	-0.016	0.2465006108927055	0.2499972575183291	0.2500000000000000
	2	0.016	0.7534993891072947	0.2499972575183291	0.2500000000000000
	3	0.016	0.2465006108927055	0.7500027424816708	0.2500000000000000
	4	-0.016	0.7534993891072947	0.7500027424816708	0.2500000000000000
	5	-0.016	0.2465006108927055	0.2499972575183291	0.7500000000000000
	6	0.016	0.7534993891072947	0.2499972575183291	0.7500000000000000
	7	0.016	0.2465006108927055	0.7500027424816708	0.7500000000000000
	8	-0.016	0.7534993891072947	0.7500027424816708	0.7500000000000000
	9	-2.734	0.0000000000000000	0.0000000000000000	0.0000000000000000
	10	-2.734	0.0000000000000000	0.0000000000000000	0.5000000000000000
	11	2.735	0.0000000000000000	0.5000000000000000	0.0000000000000000
	12	2.735	0.0000000000000000	0.5000000000000000	0.5000000000000000
	13	0.016	0.5000000000000000	0.0000000000000000	0.5000000000000000
	14	-0.016	0.5000000000000000	0.5000000000000000	0.0000000000000000
	15	0.016	0.5000000000000000	0.0000000000000000	0.0000000000000000
	16	-0.016	0.5000000000000000	0.5000000000000000	0.5000000000000000
#	8	4	4	mart	afm 	Mart_B_2	1.312311447517606	-91.15395008	5.210017653588164	5.339582388296615	6.837165808572564
	1	0.010	0.2433851471071569	0.2500000000000000	0.2500000000000000
	2	0.010	0.7566148528928432	0.2500000000000000	0.2500000000000000
	3	-0.010	0.2433851471071569	0.7500000000000000	0.2500000000000000
	4	-0.010	0.7566148528928432	0.7500000000000000	0.2500000000000000
	5	-0.010	0.2433851471071569	0.2500000000000000	0.7500000000000000
	6	-0.010	0.7566148528928432	0.2500000000000000	0.7500000000000000
	7	0.010	0.2433851471071569	0.7500000000000000	0.7500000000000000
	8	0.010	0.7566148528928432	0.7500000000000000	0.7500000000000000
	9	-2.714	0.0000000000000000	0.0000000000000000	0.0000000000000000
	10	2.714	0.0000000000000000	0.0000000000000000	0.5000000000000000
	11	2.714	0.0000000000000000	0.5000000000000000	0.0000000000000000
	12	-2.714	0.0000000000000000	0.5000000000000000	0.5000000000000000
	13	-0.067	0.5000000000000000	0.0000000000000000	0.5000000000000000
	14	-0.067	0.5000000000000000	0.5000000000000000	0.0000000000000000
	15	0.067	0.5000000000000000	0.0000000000000000	0.0000000000000000
	16	0.067	0.5000000000000000	0.5000000000000000	0.5000000000000000
#	8	4	4	mart	afm 	Mart_C_1	1.2662409911009158	-91.21906975	5.328932270408473	5.288817372517054	6.747712479591679
	1	0.006	0.2465246547375933	0.2502271850120268	0.2533780484851024
	2	-0.018	0.7534753452624067	0.2502271850120268	0.2533780484851024
	3	-0.013	0.2465246547375933	0.7497728149879732	0.2533780484851024
	4	-0.002	0.7534753452624067	0.7497728149879732	0.2533780484851024
	5	-0.002	0.2465246547375933	0.2502271850120268	0.7466219515148977
	6	-0.013	0.7534753452624067	0.2502271850120268	0.7466219515148977
	7	-0.018	0.2465246547375933	0.7497728149879732	0.7466219515148977
	8	0.006	0.7534753452624067	0.7497728149879732	0.7466219515148977
	9	-2.746	0.0000000000000000	0.0000000000000000	0.5000000000000000
	10	-2.616	0.5000000000000000	0.0000000000000000	0.0000000000000000
	11	2.701	0.0000000000000000	0.5000000000000000	0.0000000000000000
	12	2.688	0.0000000000000000	0.5000000000000000	0.5000000000000000
	13	-0.013	0.0000000000000000	0.0000000000000000	0.0000000000000000
	14	0.017	0.5000000000000000	0.0000000000000000	0.5000000000000000
	15	0.008	0.5000000000000000	0.5000000000000000	0.0000000000000000
	16	-0.036	0.5000000000000000	0.5000000000000000	0.5000000000000000
#	8	4	4	mart	afm 	Mart_C_2	1.2805310577914624	-91.0257127	5.27472559827701	5.352245289417334	6.754449949921364
	1	-0.014	0.2466703622669300	0.2489961571318941	0.2513559508851305
	2	-0.034	0.7533296377330700	0.2489961571318941	0.2513559508851305
	3	-0.009	0.2466703622669300	0.7510038428681056	0.2513559508851305
	4	-0.005	0.7533296377330700	0.7510038428681056	0.2513559508851305
	5	-0.005	0.2466703622669300	0.2489961571318941	0.7486440491148695
	6	-0.009	0.7533296377330700	0.2489961571318941	0.7486440491148695
	7	-0.034	0.2466703622669300	0.7510038428681056	0.7486440491148695
	8	-0.014	0.7533296377330700	0.7510038428681056	0.7486440491148695
	9	-2.780	0.0000000000000000	0.0000000000000000	0.5000000000000000
	10	2.628	0.5000000000000000	0.0000000000000000	0.0000000000000000
	11	-2.741	0.0000000000000000	0.5000000000000000	0.0000000000000000
	12	2.577	0.0000000000000000	0.5000000000000000	0.5000000000000000
	13	-0.019	0.0000000000000000	0.0000000000000000	0.0000000000000000
	14	0.046	0.5000000000000000	0.0000000000000000	0.5000000000000000
	15	0.019	0.5000000000000000	0.5000000000000000	0.0000000000000000
	16	-0.051	0.5000000000000000	0.5000000000000000	0.5000000000000000
#	8	4	4	mart	afm 	Mart_C_3	1.320705465460462	-91.23355295	5.243284985587215	5.241659794002649	6.924835137431813
	1	-0.046	0.2480274358407897	0.2486480952145958	0.2518134852144246
	2	-0.073	0.7519725641592105	0.2486480952145958	0.2518134852144246
	3	-0.067	0.2480274358407897	0.7513519047854043	0.2518134852144246
	4	-0.071	0.7519725641592105	0.7513519047854043	0.2518134852144246
	5	-0.071	0.2480274358407897	0.2486480952145958	0.7481865147855756
	6	-0.067	0.7519725641592105	0.2486480952145958	0.7481865147855756
	7	-0.073	0.2480274358407897	0.7513519047854043	0.7481865147855756
	8	-0.046	0.7519725641592105	0.7513519047854043	0.7481865147855756
	9	-2.775	0.0000000000000000	0.0000000000000000	0.5000000000000000
	10	2.541	0.5000000000000000	0.0000000000000000	0.0000000000000000
	11	2.668	0.0000000000000000	0.5000000000000000	0.0000000000000000
	12	-2.728	0.0000000000000000	0.5000000000000000	0.5000000000000000
	13	-0.077	0.0000000000000000	0.0000000000000000	0.0000000000000000
	14	0.010	0.5000000000000000	0.0000000000000000	0.5000000000000000
	15	-0.076	0.5000000000000000	0.5000000000000000	0.0000000000000000
	16	0.011	0.5000000000000000	0.5000000000000000	0.5000000000000000
#	8	4	4	mart	afm 	Mart_D_1	1.279305337233884	-91.43628035	5.272335402708883	5.347809481791198	6.744926820372634
	1	-0.003	0.2500043701084433	0.2500025676606429	0.2500000000000000
	2	-0.003	0.7499956298915568	0.2500025676606429	0.2500000000000000
	3	-0.003	0.2500043701084433	0.7499974323393571	0.2500000000000000
	4	-0.003	0.7499956298915568	0.7499974323393571	0.2500000000000000
	5	-0.003	0.2500043701084433	0.2500025676606429	0.7500000000000000
	6	-0.003	0.7499956298915568	0.2500025676606429	0.7500000000000000
	7	-0.003	0.2500043701084433	0.7499974323393571	0.7500000000000000
	8	-0.003	0.7499956298915568	0.7499974323393571	0.7500000000000000
	9	-2.678	0.0000000000000000	0.0000000000000000	0.0000000000000000
	10	-2.678	0.0000000000000000	0.0000000000000000	0.5000000000000000
	11	2.675	0.5000000000000000	0.5000000000000000	0.0000000000000000
	12	2.675	0.5000000000000000	0.5000000000000000	0.5000000000000000
	13	0.002	0.5000000000000000	0.0000000000000000	0.5000000000000000
	14	-0.002	0.0000000000000000	0.5000000000000000	0.5000000000000000
	15	0.002	0.5000000000000000	0.0000000000000000	0.0000000000000000
	16	-0.002	0.0000000000000000	0.5000000000000000	0.0000000000000000
#	8	4	4	mart	afm 	Mart_D_3	1.3013328915885343	-90.93001893	5.2706400779203495	5.270396952240719	6.858857293122506
	1	0.010	0.2500000000000000	0.2500000000000000	0.2500000000000000
	2	0.000	0.7500000000000000	0.2500000000000000	0.2500000000000000
	3	0.000	0.2500000000000000	0.7500000000000000	0.2500000000000000
	4	-0.010	0.7500000000000000	0.7500000000000000	0.2500000000000000
	5	-0.010	0.2500000000000000	0.2500000000000000	0.7500000000000000
	6	0.000	0.7500000000000000	0.2500000000000000	0.7500000000000000
	7	0.000	0.2500000000000000	0.7500000000000000	0.7500000000000000
	8	0.010	0.7500000000000000	0.7500000000000000	0.7500000000000000
	9	-2.572	0.0000000000000000	0.0000000000000000	0.0000000000000000
	10	2.572	0.0000000000000000	0.0000000000000000	0.5000000000000000
	11	2.572	0.5000000000000000	0.5000000000000000	0.0000000000000000
	12	-2.572	0.5000000000000000	0.5000000000000000	0.5000000000000000
	13	0.000	0.5000000000000000	0.0000000000000000	0.5000000000000000
	14	0.000	0.0000000000000000	0.5000000000000000	0.5000000000000000
	15	0.000	0.5000000000000000	0.0000000000000000	0.0000000000000000
	16	0.000	0.0000000000000000	0.5000000000000000	0.0000000000000000
#	8	4	4	mart	afm 	Mart_E_1	1.249071719692215	-90.63781862	5.351183943984282	5.350897399060502	6.684012531301816
	1	0.019	0.2470540402205993	0.2470488784032611	0.2549838313602121
	2	0.006	0.7529459597794008	0.2470488784032611	0.2549838313602121
	3	0.006	0.2470540402205993	0.7529511215967389	0.2549838313602121
	4	0.040	0.7529459597794008	0.7529511215967389	0.2549838313602121
	5	0.040	0.2470540402205993	0.2470488784032611	0.7450161686397878
	6	0.006	0.7529459597794008	0.2470488784032611	0.7450161686397878
	7	0.006	0.2470540402205993	0.7529511215967389	0.7450161686397878
	8	0.019	0.7529459597794008	0.7529511215967389	0.7450161686397878
	9	-2.764	0.0000000000000000	0.0000000000000000	0.0000000000000000
	10	-2.776	0.0000000000000000	0.0000000000000000	0.5000000000000000
	11	2.728	0.5000000000000000	0.0000000000000000	0.5000000000000000
	12	2.728	0.0000000000000000	0.5000000000000000	0.5000000000000000
	13	-0.005	0.5000000000000000	0.5000000000000000	0.0000000000000000
	14	0.016	0.5000000000000000	0.0000000000000000	0.0000000000000000
	15	0.016	0.0000000000000000	0.5000000000000000	0.0000000000000000
	16	-0.054	0.5000000000000000	0.5000000000000000	0.5000000000000000
#	8	4	4	mart	afm 	Mart_E_2	1.276657382542333	-91.14209276	5.275447482761561	5.361923150661913	6.734938975081914
	1	-0.034	0.2460940170044104	0.2485919657094443	0.2503610684661355
	2	-0.025	0.7539059829955898	0.2485919657094443	0.2503610684661355
	3	-0.028	0.2460940170044104	0.7514080342905556	0.2503610684661355
	4	-0.015	0.7539059829955898	0.7514080342905556	0.2503610684661355
	5	-0.015	0.2460940170044104	0.2485919657094443	0.7496389315338646
	6	-0.028	0.7539059829955898	0.2485919657094443	0.7496389315338646
	7	-0.025	0.2460940170044104	0.7514080342905556	0.7496389315338646
	8	-0.034	0.7539059829955898	0.7514080342905556	0.7496389315338646
	9	-2.747	0.0000000000000000	0.0000000000000000	0.0000000000000000
	10	2.781	0.0000000000000000	0.0000000000000000	0.5000000000000000
	11	2.728	0.5000000000000000	0.0000000000000000	0.5000000000000000
	12	-2.657	0.0000000000000000	0.5000000000000000	0.5000000000000000
	13	-0.025	0.5000000000000000	0.5000000000000000	0.0000000000000000
	14	0.048	0.5000000000000000	0.0000000000000000	0.0000000000000000
	15	0.010	0.0000000000000000	0.5000000000000000	0.0000000000000000
	16	0.026	0.5000000000000000	0.5000000000000000	0.5000000000000000
#	8	4	4	mart	afm 	Mart_F_1	1.2771292834712553	-91.04367172	5.300089429068365	5.309050255356509	6.768899414879655
	1	0.047	0.2498146119295240	0.2464309579374280	0.2511630128062990
	2	0.033	0.7501853880704757	0.2464309579374280	0.2511630128062990
	3	0.059	0.2498146119295240	0.7535690420625722	0.2511630128062990
	4	0.059	0.7501853880704757	0.7535690420625722	0.2511630128062990
	5	0.059	0.2498146119295240	0.2464309579374280	0.7488369871937006
	6	0.059	0.7501853880704757	0.2464309579374280	0.7488369871937006
	7	0.033	0.2498146119295240	0.7535690420625722	0.7488369871937006
	8	0.047	0.7501853880704757	0.7535690420625722	0.7488369871937006
	9	-2.594	0.0000000000000000	0.0000000000000000	0.0000000000000000
	10	-2.640	0.0000000000000000	0.0000000000000000	0.5000000000000000
	11	2.810	0.5000000000000000	0.0000000000000000	0.5000000000000000
	12	2.705	0.5000000000000000	0.5000000000000000	0.5000000000000000
	13	0.012	0.0000000000000000	0.5000000000000000	0.5000000000000000
	14	0.012	0.5000000000000000	0.5000000000000000	0.0000000000000000
	15	0.034	0.5000000000000000	0.0000000000000000	0.0000000000000000
	16	0.037	0.0000000000000000	0.5000000000000000	0.0000000000000000
#	8	4	4	mart	afm 	Mart_F_2	1.2988766114733725	-91.01389323	5.273708260497213	5.268464606475193	6.849896315293754
	1	0.020	0.2514809851278727	0.2474091076549437	0.2546194602344726
	2	0.024	0.7485190148721270	0.2474091076549437	0.2546194602344726
	3	0.037	0.2514809851278727	0.7525908923450564	0.2546194602344726
	4	0.020	0.7485190148721270	0.7525908923450564	0.2546194602344726
	5	0.020	0.2514809851278727	0.2474091076549437	0.7453805397655276
	6	0.037	0.7485190148721270	0.2474091076549437	0.7453805397655276
	7	0.024	0.2514809851278727	0.7525908923450564	0.7453805397655276
	8	0.020	0.7485190148721270	0.7525908923450564	0.7453805397655276
	9	-2.636	0.0000000000000000	0.0000000000000000	0.0000000000000000
	10	2.703	0.0000000000000000	0.0000000000000000	0.5000000000000000
	11	-2.757	0.5000000000000000	0.0000000000000000	0.5000000000000000
	12	2.678	0.5000000000000000	0.5000000000000000	0.5000000000000000
	13	-0.058	0.0000000000000000	0.5000000000000000	0.5000000000000000
	14	-0.035	0.5000000000000000	0.5000000000000000	0.0000000000000000
	15	0.024	0.5000000000000000	0.0000000000000000	0.0000000000000000
	16	0.045	0.0000000000000000	0.5000000000000000	0.0000000000000000
