# Ni Mn In 
8	8	0	NiMn_1	-115.88358978	5.792788446530136	5.792788446530136	5.792788446530136
	0	0.000	0.2500000000000000	0.2500000000000000	0.2500000000000000
	1	0.000	0.7500000000000000	0.2500000000000000	0.2500000000000000
	2	0.000	0.2500000000000000	0.2500000000000000	0.7500000000000000
	3	0.000	0.7500000000000000	0.2500000000000000	0.7500000000000000
	4	0.000	0.2500000000000000	0.7500000000000000	0.2500000000000000
	5	0.000	0.7500000000000000	0.7500000000000000	0.2500000000000000
	6	0.000	0.2500000000000000	0.7500000000000000	0.7500000000000000
	7	0.000	0.7500000000000000	0.7500000000000000	0.7500000000000000
	8	-3.406	0.0000000000000000	0.0000000000000000	0.0000000000000000
	9	3.406	0.0000000000000000	0.0000000000000000	0.5000000000000000
	10	3.406	0.5000000000000000	0.0000000000000000	0.0000000000000000
	11	-3.406	0.5000000000000000	0.0000000000000000	0.5000000000000000
	12	3.406	0.0000000000000000	0.5000000000000000	0.0000000000000000
	13	-3.406	0.0000000000000000	0.5000000000000000	0.5000000000000000
	14	-3.406	0.5000000000000000	0.5000000000000000	0.0000000000000000
	15	3.406	0.5000000000000000	0.5000000000000000	0.5000000000000000
# Ni Mn In 
8	8	0	NiMn_0	-109.64590372	5.591506324305437	5.591506324305437	5.591506324305437
	0	0	0.2500000000000000	0.2500000000000000	0.2500000000000000
	1	0	0.7500000000000000	0.2500000000000000	0.2500000000000000
	2	0	0.2500000000000000	0.2500000000000000	0.7500000000000000
	3	0	0.7500000000000000	0.2500000000000000	0.7500000000000000
	4	0	0.2500000000000000	0.7500000000000000	0.2500000000000000
	5	0	0.7500000000000000	0.7500000000000000	0.2500000000000000
	6	0	0.2500000000000000	0.7500000000000000	0.7500000000000000
	7	0	0.7500000000000000	0.7500000000000000	0.7500000000000000
	8	0	0.0000000000000000	0.0000000000000000	0.0000000000000000
	9	0	0.0000000000000000	0.0000000000000000	0.5000000000000000
	10	0	0.5000000000000000	0.0000000000000000	0.0000000000000000
	11	0	0.5000000000000000	0.0000000000000000	0.5000000000000000
	12	0	0.0000000000000000	0.5000000000000000	0.0000000000000000
	13	0	0.0000000000000000	0.5000000000000000	0.5000000000000000
	14	0	0.5000000000000000	0.5000000000000000	0.0000000000000000
	15	0	0.5000000000000000	0.5000000000000000	0.5000000000000000
# Ni Mn In 
8	4	4	Mart_E_2	-90.94827162	6.27037734530777	5.957607165449913	5.9727554560986444
	0	0.037	0.2356679117652360	0.2315003454319292	0.2686401179390822
	1	0.037	0.7643320882347640	0.2315003454319292	0.2686401179390822
	2	0.033	0.2356679117652360	0.7684996545680708	0.2686401179390822
	3	0.031	0.7643320882347640	0.7684996545680708	0.2686401179390822
	4	0.031	0.2356679117652360	0.2315003454319292	0.7313598820609178
	5	0.033	0.7643320882347640	0.2315003454319292	0.7313598820609178
	6	0.037	0.2356679117652360	0.7684996545680708	0.7313598820609178
	7	0.037	0.7643320882347640	0.7684996545680708	0.7313598820609178
	8	-3.477	0.0000000000000000	0.0000000000000000	0.0000000000000000
	9	3.346	0.0000000000000000	0.0000000000000000	0.5000000000000000
	10	3.464	0.5000000000000000	0.0000000000000000	0.5000000000000000
	11	-3.474	0.0000000000000000	0.5000000000000000	0.5000000000000000
	12	0.007	0.5000000000000000	0.5000000000000000	0.0000000000000000
	13	-0.021	0.5000000000000000	0.0000000000000000	0.0000000000000000
	14	0.075	0.0000000000000000	0.5000000000000000	0.0000000000000000
	15	-0.021	0.5000000000000000	0.5000000000000000	0.5000000000000000
# Ni Mn In 
8	4	4	Aust_E_1	-90.97320031	5.95764256471084	5.95764256471084	6.292212988924327
	0	-0.032	0.2313768944825402	0.2313768944825402	0.2642401921105070
	1	-0.037	0.7686231055174595	0.2313768944825402	0.2642401921105070
	2	-0.037	0.2313768944825402	0.7686231055174595	0.2642401921105070
	3	-0.031	0.7686231055174595	0.7686231055174595	0.2642401921105070
	4	-0.031	0.2313768944825402	0.2313768944825402	0.7357598078894928
	5	-0.037	0.7686231055174595	0.2313768944825402	0.7357598078894928
	6	-0.037	0.2313768944825402	0.7686231055174595	0.7357598078894928
	7	-0.032	0.7686231055174595	0.7686231055174595	0.7357598078894928
	8	-3.463	0.0000000000000000	0.0000000000000000	0.0000000000000000
	9	-3.347	0.0000000000000000	0.0000000000000000	0.5000000000000000
	10	3.481	0.5000000000000000	0.0000000000000000	0.5000000000000000
	11	3.472	0.0000000000000000	0.5000000000000000	0.5000000000000000
	12	-0.007	0.5000000000000000	0.5000000000000000	0.0000000000000000
	13	0.041	0.5000000000000000	0.0000000000000000	0.0000000000000000
	14	0.000	0.0000000000000000	0.5000000000000000	0.0000000000000000
	15	-0.075	0.5000000000000000	0.5000000000000000	0.5000000000000000
# Ni Mn In 
8	4	4	Aust_F_1	-90.63186714	5.913249968146892	6.161921445629348	6.161889348729105
	0	0.000	0.2500013147369179	0.2324895006420956	0.2675098256879671
	1	0.000	0.7499986852630821	0.2324895006420956	0.2675098256879671
	2	-0.008	0.2500013147369179	0.7675104993579045	0.2675098256879671
	3	0.008	0.7499986852630821	0.7675104993579045	0.2675098256879671
	4	0.008	0.2500013147369179	0.2324895006420956	0.7324901743120328
	5	-0.008	0.7499986852630821	0.2324895006420956	0.7324901743120328
	6	0.000	0.2500013147369179	0.7675104993579045	0.7324901743120328
	7	0.000	0.7499986852630821	0.7675104993579045	0.7324901743120328
	8	-3.681	0.0000000000000000	0.0000000000000000	0.0000000000000000
	9	-3.402	0.0000000000000000	0.0000000000000000	0.5000000000000000
	10	3.402	0.5000000000000000	0.0000000000000000	0.5000000000000000
	11	3.681	0.5000000000000000	0.5000000000000000	0.5000000000000000
	12	-0.014	0.0000000000000000	0.5000000000000000	0.5000000000000000
	13	-0.051	0.5000000000000000	0.5000000000000000	0.0000000000000000
	14	0.014	0.5000000000000000	0.0000000000000000	0.0000000000000000
	15	0.051	0.0000000000000000	0.5000000000000000	0.0000000000000000
# Ni Mn In 
8	4	4	Aust_D_3	-90.22194911	6.065592123639237	6.065592123639237	6.1463107868926965
	0	0.031	0.2500000000000000	0.2500000000000000	0.2500000000000000
	1	0.003	0.7500000000000000	0.2500000000000000	0.2500000000000000
	2	-0.003	0.2500000000000000	0.7500000000000000	0.2500000000000000
	3	-0.031	0.7500000000000000	0.7500000000000000	0.2500000000000000
	4	-0.031	0.2500000000000000	0.2500000000000000	0.7500000000000000
	5	-0.003	0.7500000000000000	0.2500000000000000	0.7500000000000000
	6	0.003	0.2500000000000000	0.7500000000000000	0.7500000000000000
	7	0.031	0.7500000000000000	0.7500000000000000	0.7500000000000000
	8	-3.710	0.0000000000000000	0.0000000000000000	0.0000000000000000
	9	3.710	0.0000000000000000	0.0000000000000000	0.5000000000000000
	10	3.710	0.5000000000000000	0.5000000000000000	0.0000000000000000
	11	-3.710	0.5000000000000000	0.5000000000000000	0.5000000000000000
	12	-0.023	0.5000000000000000	0.0000000000000000	0.5000000000000000
	13	0.023	0.0000000000000000	0.5000000000000000	0.5000000000000000
	14	0.023	0.5000000000000000	0.0000000000000000	0.0000000000000000
	15	-0.023	0.0000000000000000	0.5000000000000000	0.0000000000000000
# Ni Mn In 
8	8	0	NiMn_2	-109.6459914	5.591517044617947	5.591523124095491	5.591523124095491
	0	0.026	0.2499994066459937	0.2500000000000000	0.2500000000000000
	1	0.026	0.7500005933540065	0.2500000000000000	0.2500000000000000
	2	0.026	0.2499994066459937	0.2500000000000000	0.7500000000000000
	3	0.026	0.7500005933540065	0.2500000000000000	0.7500000000000000
	4	0.026	0.2499994066459937	0.7500000000000000	0.2500000000000000
	5	0.026	0.7500005933540065	0.7500000000000000	0.2500000000000000
	6	0.026	0.2499994066459937	0.7500000000000000	0.7500000000000000
	7	0.026	0.7500005933540065	0.7500000000000000	0.7500000000000000
	8	-0.015	0.0000000000000000	0.0000000000000000	0.0000000000000000
	9	-0.015	0.0000000000000000	0.0000000000000000	0.5000000000000000
	10	-0.017	0.5000000000000000	0.0000000000000000	0.0000000000000000
	11	-0.017	0.5000000000000000	0.0000000000000000	0.5000000000000000
	12	-0.015	0.0000000000000000	0.5000000000000000	0.0000000000000000
	13	-0.015	0.0000000000000000	0.5000000000000000	0.5000000000000000
	14	-0.017	0.5000000000000000	0.5000000000000000	0.0000000000000000
	15	-0.017	0.5000000000000000	0.5000000000000000	0.5000000000000000
# Ni Mn In 
8	4	4	Mart_E_1	-90.96110377	5.949220720771753	5.948907628857357	6.307697196066925
	0	-0.032	0.2314695770281185	0.2314355542153473	0.2642280167768508
	1	-0.036	0.7685304229718817	0.2314355542153473	0.2642280167768508
	2	-0.036	0.2314695770281185	0.7685644457846528	0.2642280167768508
	3	-0.029	0.7685304229718817	0.7685644457846528	0.2642280167768508
	4	-0.029	0.2314695770281185	0.2314355542153473	0.7357719832231486
	5	-0.036	0.7685304229718817	0.2314355542153473	0.7357719832231486
	6	-0.036	0.2314695770281185	0.7685644457846528	0.7357719832231486
	7	-0.032	0.7685304229718817	0.7685644457846528	0.7357719832231486
	8	-3.462	0.0000000000000000	0.0000000000000000	0.0000000000000000
	9	-3.346	0.0000000000000000	0.0000000000000000	0.5000000000000000
	10	3.474	0.5000000000000000	0.0000000000000000	0.5000000000000000
	11	3.474	0.0000000000000000	0.5000000000000000	0.5000000000000000
	12	-0.007	0.5000000000000000	0.5000000000000000	0.0000000000000000
	13	0.021	0.5000000000000000	0.0000000000000000	0.0000000000000000
	14	0.021	0.0000000000000000	0.5000000000000000	0.0000000000000000
	15	-0.075	0.5000000000000000	0.5000000000000000	0.5000000000000000
# Ni Mn In 
8	4	4	Aust_E_2	-90.97320551	6.292221562341863	5.95689356183892	5.95689356183892
	0	0.037	0.2357578725972604	0.2313986379164693	0.2686013620835309
	1	0.037	0.7642421274027397	0.2313986379164693	0.2686013620835309
	2	0.032	0.2357578725972604	0.7686013620835305	0.2686013620835309
	3	0.030	0.7642421274027397	0.7686013620835305	0.2686013620835309
	4	0.030	0.2357578725972604	0.2313986379164693	0.7313986379164695
	5	0.032	0.7642421274027397	0.2313986379164693	0.7313986379164695
	6	0.037	0.2357578725972604	0.7686013620835305	0.7313986379164695
	7	0.037	0.7642421274027397	0.7686013620835305	0.7313986379164695
	8	-3.471	0.0000000000000000	0.0000000000000000	0.0000000000000000
	9	3.346	0.0000000000000000	0.0000000000000000	0.5000000000000000
	10	3.463	0.5000000000000000	0.0000000000000000	0.5000000000000000
	11	-3.480	0.0000000000000000	0.5000000000000000	0.5000000000000000
	12	0.007	0.5000000000000000	0.5000000000000000	0.0000000000000000
	13	0.000	0.5000000000000000	0.0000000000000000	0.0000000000000000
	14	0.075	0.0000000000000000	0.5000000000000000	0.0000000000000000
	15	-0.041	0.5000000000000000	0.5000000000000000	0.5000000000000000
# Ni Mn In 
8	6	2	Ni8Mn6In2_1	-103.36770868	5.744151553040614	5.744151553040614	6.388492369783044
	0	0.551	0.2360814840011199	0.2360814840011199	0.2500000000000000
	1	0.545	0.7639185159988805	0.2360814840011199	0.2500000000000000
	2	0.545	0.2360814840011199	0.7639185159988805	0.2500000000000000
	3	0.551	0.7639185159988805	0.7639185159988805	0.2500000000000000
	4	0.551	0.2360814840011199	0.2360814840011199	0.7500000000000000
	5	0.545	0.7639185159988805	0.2360814840011199	0.7500000000000000
	6	0.545	0.2360814840011199	0.7639185159988805	0.7500000000000000
	7	0.551	0.7639185159988805	0.7639185159988805	0.7500000000000000
	8	3.339	0.0000000000000000	0.0000000000000000	0.0000000000000000
	9	3.339	0.0000000000000000	0.0000000000000000	0.5000000000000000
	10	3.564	0.5000000000000000	0.0000000000000000	0.0000000000000000
	11	3.564	0.5000000000000000	0.0000000000000000	0.5000000000000000
	12	3.557	0.0000000000000000	0.5000000000000000	0.0000000000000000
	13	3.557	0.0000000000000000	0.5000000000000000	0.5000000000000000
	14	-0.100	0.5000000000000000	0.5000000000000000	0.0000000000000000
	15	-0.100	0.5000000000000000	0.5000000000000000	0.5000000000000000
# Ni Mn In 
8	8	0	_NiMn_1	-117.32804306	5.08505934249526	5.08505934249526	7.207622166397542
	0	0.000	0.2500000000000000	0.2500000000000000	0.2500000000000000
	1	0.000	0.7500000000000000	0.2500000000000000	0.2500000000000000
	2	0.000	0.2500000000000000	0.2500000000000000	0.7500000000000000
	3	0.000	0.7500000000000000	0.2500000000000000	0.7500000000000000
	4	0.000	0.2500000000000000	0.7500000000000000	0.2500000000000000
	5	0.000	0.7500000000000000	0.7500000000000000	0.2500000000000000
	6	0.000	0.2500000000000000	0.7500000000000000	0.7500000000000000
	7	0.000	0.7500000000000000	0.7500000000000000	0.7500000000000000
	8	-3.021	0.0000000000000000	0.0000000000000000	0.0000000000000000
	9	3.021	0.0000000000000000	0.0000000000000000	0.5000000000000000
	10	3.021	0.5000000000000000	0.0000000000000000	0.0000000000000000
	11	-3.021	0.5000000000000000	0.0000000000000000	0.5000000000000000
	12	3.021	0.0000000000000000	0.5000000000000000	0.0000000000000000
	13	-3.021	0.0000000000000000	0.5000000000000000	0.5000000000000000
	14	-3.021	0.5000000000000000	0.5000000000000000	0.0000000000000000
	15	3.021	0.5000000000000000	0.5000000000000000	0.5000000000000000
# Ni Mn In 
8	8	0	_NiMn	-116.08143991	5.7240723343454	5.7240723343454	6.064292329663156
	0	0.763	0.2500000000000000	0.2500000000000000	0.2500000000000000
	1	0.763	0.7500000000000000	0.2500000000000000	0.2500000000000000
	2	0.763	0.2500000000000000	0.2500000000000000	0.7500000000000000
	3	0.763	0.7500000000000000	0.2500000000000000	0.7500000000000000
	4	0.763	0.2500000000000000	0.7500000000000000	0.2500000000000000
	5	0.763	0.7500000000000000	0.7500000000000000	0.2500000000000000
	6	0.763	0.2500000000000000	0.7500000000000000	0.7500000000000000
	7	0.763	0.7500000000000000	0.7500000000000000	0.7500000000000000
	8	3.512	0.0000000000000000	0.0000000000000000	0.0000000000000000
	9	3.512	0.0000000000000000	0.0000000000000000	0.5000000000000000
	10	3.512	0.5000000000000000	0.0000000000000000	0.0000000000000000
	11	3.512	0.5000000000000000	0.0000000000000000	0.5000000000000000
	12	3.512	0.0000000000000000	0.5000000000000000	0.0000000000000000
	13	3.512	0.0000000000000000	0.5000000000000000	0.5000000000000000
	14	3.512	0.5000000000000000	0.5000000000000000	0.0000000000000000
	15	3.512	0.5000000000000000	0.5000000000000000	0.5000000000000000
# Ni Mn In 
8	8	0	_NiMn_0	-113.94037971	4.815636431921917	4.815636431921917	7.358479463302365
	0	0	0.2500000000000000	0.2500000000000000	0.2500000000000000
	1	0	0.7500000000000000	0.2500000000000000	0.2500000000000000
	2	0	0.2500000000000000	0.2500000000000000	0.7500000000000000
	3	0	0.7500000000000000	0.2500000000000000	0.7500000000000000
	4	0	0.2500000000000000	0.7500000000000000	0.2500000000000000
	5	0	0.7500000000000000	0.7500000000000000	0.2500000000000000
	6	0	0.2500000000000000	0.7500000000000000	0.7500000000000000
	7	0	0.7500000000000000	0.7500000000000000	0.7500000000000000
	8	0	0.0000000000000000	0.0000000000000000	0.0000000000000000
	9	0	0.0000000000000000	0.0000000000000000	0.5000000000000000
	10	0	0.5000000000000000	0.0000000000000000	0.0000000000000000
	11	0	0.5000000000000000	0.0000000000000000	0.5000000000000000
	12	0	0.0000000000000000	0.5000000000000000	0.0000000000000000
	13	0	0.0000000000000000	0.5000000000000000	0.5000000000000000
	14	0	0.5000000000000000	0.5000000000000000	0.0000000000000000
	15	0	0.5000000000000000	0.5000000000000000	0.5000000000000000
# Ni Mn In 
8	6	2	Ni8Mn6In2_1_8	-101.26204546	5.3367066482684855	5.336334654503632	7.087802499137822
	0	0.000	0.2500102445692114	0.2499878129137983	0.2500010285504890
	1	0.000	0.7499897554307885	0.2499878129137983	0.2500010285504890
	2	0.000	0.2500102445692114	0.7500121870862019	0.2500010285504890
	3	0.000	0.7499897554307885	0.7500121870862019	0.2500010285504890
	4	0.000	0.2500102445692114	0.2499878129137983	0.7499989714495110
	5	0.000	0.7499897554307885	0.2499878129137983	0.7499989714495110
	6	0.000	0.2500102445692114	0.7500121870862019	0.7499989714495110
	7	0.000	0.7499897554307885	0.7500121870862019	0.7499989714495110
	8	-0.004	0.0000000000000000	0.0000000000000000	0.5000000000000000
	9	-3.316	0.5000000000000000	0.0000000000000000	0.0000000000000000
	10	-3.316	0.5000000000000000	0.0000000000000000	0.5000000000000000
	11	3.316	0.0000000000000000	0.5000000000000000	0.0000000000000000
	12	3.316	0.0000000000000000	0.5000000000000000	0.5000000000000000
	13	0.016	0.5000000000000000	0.5000000000000000	0.0000000000000000
	14	0.000	0.0000000000000000	0.0000000000000000	0.0000000000000000
	15	0.000	0.5000000000000000	0.5000000000000000	0.5000000000000000
# Ni Mn In 
8	4	4	Mart_F_1	-90.6172374	5.914686488661378	6.150223610123194	6.172652209384348
	0	-0.001	0.2500502342680618	0.2321431133933022	0.2677314652543706
	1	-0.001	0.7499497657319381	0.2321431133933022	0.2677314652543706
	2	-0.008	0.2500502342680618	0.7678568866066977	0.2677314652543706
	3	0.007	0.7499497657319381	0.7678568866066978	0.2677314652543706
	4	0.007	0.2500502342680618	0.2321431133933022	0.7322685347456291
	5	-0.008	0.7499497657319381	0.2321431133933022	0.7322685347456291
	6	-0.001	0.2500502342680618	0.7678568866066977	0.7322685347456291
	7	-0.001	0.7499497657319381	0.7678568866066977	0.7322685347456291
	8	-3.681	0.0000000000000000	0.0000000000000000	0.0000000000000000
	9	-3.400	0.0000000000000000	0.0000000000000000	0.5000000000000000
	10	3.394	0.5000000000000000	0.0000000000000000	0.5000000000000000
	11	3.682	0.5000000000000000	0.5000000000000000	0.5000000000000000
	12	-0.014	0.0000000000000000	0.5000000000000000	0.5000000000000000
	13	-0.051	0.5000000000000000	0.5000000000000000	0.0000000000000000
	14	0.015	0.5000000000000000	0.0000000000000000	0.0000000000000000
	15	0.051	0.0000000000000000	0.5000000000000000	0.0000000000000000
# Ni Mn In 
8	4	4	Mart_D_3	-90.2034177	6.052094772824608	6.056448578585078	6.15923926472453
	0	0.030	0.2500000000000000	0.2500000000000000	0.2500000000000000
	1	0.000	0.7500000000000000	0.2500000000000000	0.2500000000000000
	2	0.000	0.2500000000000000	0.7500000000000000	0.2500000000000000
	3	-0.030	0.7500000000000000	0.7500000000000000	0.2500000000000000
	4	-0.030	0.2500000000000000	0.2500000000000000	0.7500000000000000
	5	0.000	0.7500000000000000	0.2500000000000000	0.7500000000000000
	6	0.000	0.2500000000000000	0.7500000000000000	0.7500000000000000
	7	0.030	0.7500000000000000	0.7500000000000000	0.7500000000000000
	8	-3.708	0.0000000000000000	0.0000000000000000	0.0000000000000000
	9	3.708	0.0000000000000000	0.0000000000000000	0.5000000000000000
	10	3.708	0.5000000000000000	0.5000000000000000	0.0000000000000000
	11	-3.708	0.5000000000000000	0.5000000000000000	0.5000000000000000
	12	0.000	0.5000000000000000	0.0000000000000000	0.5000000000000000
	13	0.000	0.0000000000000000	0.5000000000000000	0.5000000000000000
	14	0.000	0.5000000000000000	0.0000000000000000	0.0000000000000000
	15	0.000	0.0000000000000000	0.5000000000000000	0.0000000000000000
