# Ni Mn In	
8	4	4	Aust_C_3	-90.75113695	5.97385812131097	6.289722815897207	5.97286381906505
	1	-0.022	0.2303138928772556	0.2534060381194516	0.2550860430676237
	2	-0.020	0.7696861071227447	0.2534060381194516	0.2550860430676237
	3	-0.032	0.2303138928772556	0.7465939618805483	0.2550860430676237
	4	-0.010	0.7696861071227447	0.7465939618805483	0.2550860430676237
	5	-0.010	0.2303138928772556	0.2534060381194516	0.7449139569323766
	6	-0.032	0.7696861071227447	0.2534060381194516	0.7449139569323766
	7	-0.020	0.2303138928772556	0.7465939618805483	0.7449139569323766
	8	-0.022	0.7696861071227447	0.7465939618805483	0.7449139569323766
	9	-3.491	0.0000000000000000	0.0000000000000000	0.5000000000000000
	10	3.775	0.5000000000000000	0.0000000000000000	0.0000000000000000
	11	3.469	0.0000000000000000	0.5000000000000000	0.0000000000000000
	12	-3.551	0.0000000000000000	0.5000000000000000	0.5000000000000000
	13	-0.012	0.0000000000000000	0.0000000000000000	0.0000000000000000
	14	0.019	0.5000000000000000	0.0000000000000000	0.5000000000000000
	15	-0.064	0.5000000000000000	0.5000000000000000	0.0000000000000000
	16	0.045	0.5000000000000000	0.5000000000000000	0.5000000000000000