# Ni Mn In 
[8, 4, 4]           Aust_A_1            -91.05525589        aust                [6.061189797622012, 6.061189797622012, 6.087652274936718]
	0                0                0                0.25             0.25             0.25             
	1                0                0                0.75             0.25             0.25             
	2                0                0                0.25             0.25             0.75             
	3                0                0                0.75             0.25             0.75             
	4                0                0                0.25             0.75             0.25             
	5                0                0                0.75             0.75             0.25             
	6                0                0                0.25             0.75             0.75             
	7                0                0                0.75             0.75             0.75             
	8                1                0                0.0              0.0              0.0              
	9                1                0                0.5              0.5              0.0              
	10               1                1                0.0              0.5              0.5              
	11               1                1                0.5              0.0              0.5              
	12               2                0                0.0              0.5              0.0              
	13               2                0                0.5              0.0              0.0              
	14               2                0                0.0              0.0              0.5              
	15               2                0                0.5              0.5              0.5              
# Ni Mn In 
[8, 4, 4]           Aust_B_1            -90.99479599        mart                [5.984933066365776, 5.795294848502246, 6.431826267923024]
	0                0                0                0.25             0.25             0.25             
	1                0                0                0.75             0.25             0.25             
	2                0                0                0.25             0.75             0.25             
	3                0                0                0.75             0.75             0.25             
	4                0                0                0.25             0.25             0.75             
	5                0                0                0.75             0.25             0.75             
	6                0                0                0.25             0.75             0.75             
	7                0                0                0.75             0.75             0.75             
	8                1                0                0.0              0.0              0.0              
	9                1                0                0.0              0.0              0.5              
	10               1                1                0.0              0.5              0.0              
	11               1                1                0.0              0.5              0.5              
	12               2                0                0.5              0.0              0.5              
	13               2                0                0.5              0.5              0.0              
	14               2                0                0.5              0.0              0.0              
	15               2                0                0.5              0.5              0.5              
# Ni Mn In 
[8, 4, 4]           Aust_B_2            -90.60253471        mart                [6.008013082569095, 6.008013082569095, 6.192872554590625]
	0                0                0                0.25             0.25             0.25             
	1                0                0                0.25             0.25             0.75             
	2                0                0                0.25             0.75             0.25             
	3                0                0                0.25             0.75             0.75             
	4                0                0                0.75             0.25             0.25             
	5                0                0                0.75             0.25             0.75             
	6                0                0                0.75             0.75             0.25             
	7                0                0                0.75             0.75             0.75             
	8                1                0                0.0              0.0              0.0              
	9                1                1                0.5              0.0              0.0              
	10               1                1                0.0              0.5              0.0              
	11               1                0                0.5              0.5              0.0              
	12               2                0                0.5              0.0              0.5              
	13               2                0                0.0              0.5              0.5              
	14               2                0                0.0              0.0              0.5              
	15               2                0                0.5              0.5              0.5              
# Ni Mn In 
[8, 4, 4]           Aust_C_1            -90.75116214        mart                [5.975169284576874, 5.9729946094633375, 6.288481333982838]
	0                0                0                0.25             0.25             0.25             
	1                0                0                0.75             0.25             0.25             
	2                0                0                0.25             0.75             0.25             
	3                0                0                0.75             0.75             0.25             
	4                0                0                0.25             0.25             0.75             
	5                0                0                0.75             0.25             0.75             
	6                0                0                0.25             0.75             0.75             
	7                0                0                0.75             0.75             0.75             
	8                1                0                0.0              0.0              0.5              
	9                1                0                0.5              0.0              0.0              
	10               1                1                0.0              0.5              0.0              
	11               1                1                0.0              0.5              0.5              
	12               2                0                0.0              0.0              0.0              
	13               2                0                0.5              0.0              0.5              
	14               2                0                0.5              0.5              0.0              
	15               2                0                0.5              0.5              0.5              
# Ni Mn In 
[8, 4, 4]           Aust_D_1            -90.46111502        mart                [5.781015313890929, 5.781015313890929, 6.740928527348935]
	0                0                0                0.25             0.25             0.25             
	1                0                0                0.75             0.25             0.25             
	2                0                0                0.25             0.75             0.25             
	3                0                0                0.75             0.75             0.25             
	4                0                0                0.25             0.25             0.75             
	5                0                0                0.75             0.25             0.75             
	6                0                0                0.25             0.75             0.75             
	7                0                0                0.75             0.75             0.75             
	8                1                0                0.0              0.0              0.0              
	9                1                0                0.0              0.0              0.5              
	10               1                1                0.5              0.5              0.0              
	11               1                1                0.5              0.5              0.5              
	12               2                0                0.5              0.0              0.5              
	13               2                0                0.0              0.5              0.5              
	14               2                0                0.5              0.0              0.0              
	15               2                0                0.0              0.5              0.0              
# Ni Mn In 
[8, 4, 4]           Aust_D_2            -90.47912529        aust                [6.097269714927665, 6.097269714927665, 6.070723980078303]
	0                0                0                0.25             0.25             0.25             
	1                0                0                0.75             0.25             0.25             
	2                0                0                0.25             0.75             0.25             
	3                0                0                0.75             0.75             0.25             
	4                0                0                0.25             0.25             0.75             
	5                0                0                0.75             0.25             0.75             
	6                0                0                0.25             0.75             0.75             
	7                0                0                0.75             0.75             0.75             
	8                1                0                0.0              0.0              0.0              
	9                1                1                0.0              0.0              0.5              
	10               1                0                0.5              0.5              0.0              
	11               1                1                0.5              0.5              0.5              
	12               2                0                0.5              0.0              0.5              
	13               2                0                0.0              0.5              0.5              
	14               2                0                0.5              0.0              0.0              
	15               2                0                0.0              0.5              0.0              
# Ni Mn In 
[8, 4, 4]           Aust_E_2            -90.97320551        mart                [5.95689356183892, 5.95689356183892, 6.292221562341863]
	0                0                0                0.25             0.25             0.25             
	1                0                0                0.25             0.25             0.75             
	2                0                0                0.25             0.75             0.25             
	3                0                0                0.25             0.75             0.75             
	4                0                0                0.75             0.25             0.25             
	5                0                0                0.75             0.25             0.75             
	6                0                0                0.75             0.75             0.25             
	7                0                0                0.75             0.75             0.75             
	8                1                0                0.0              0.0              0.0              
	9                1                1                0.5              0.0              0.0              
	10               1                1                0.5              0.0              0.5              
	11               1                0                0.5              0.5              0.0              
	12               2                0                0.0              0.5              0.5              
	13               2                0                0.0              0.0              0.5              
	14               2                0                0.0              0.5              0.0              
	15               2                0                0.5              0.5              0.5              
# Ni Mn In 
[8, 4, 4]           Aust_F_2            -90.57369077        aust                [6.109032868428177, 6.109121122362568, 6.011058690295349]
	0                0                0                0.25             0.25             0.25             
	1                0                0                0.25             0.25             0.75             
	2                0                0                0.25             0.75             0.25             
	3                0                0                0.25             0.75             0.75             
	4                0                0                0.75             0.25             0.25             
	5                0                0                0.75             0.25             0.75             
	6                0                0                0.75             0.75             0.25             
	7                0                0                0.75             0.75             0.75             
	8                1                0                0.0              0.0              0.0              
	9                1                1                0.5              0.0              0.0              
	10               1                0                0.5              0.0              0.5              
	11               1                1                0.5              0.5              0.5              
	12               2                0                0.5              0.5              0.0              
	13               2                0                0.0              0.5              0.5              
	14               2                0                0.0              0.0              0.5              
	15               2                0                0.0              0.5              0.0              
# Ni Mn In 
[8, 4, 4]           Mart_C_2            -90.54580111        aust                [6.120656519962308, 6.107093138652799, 6.0011603951209]
	0                0                0                0.25             0.25             0.25             
	1                0                0                0.75             0.25             0.25             
	2                0                0                0.25             0.25             0.75             
	3                0                0                0.75             0.25             0.75             
	4                0                0                0.25             0.75             0.25             
	5                0                0                0.75             0.75             0.25             
	6                0                0                0.25             0.75             0.75             
	7                0                0                0.75             0.75             0.75             
	8                1                0                0.0              0.5              0.0              
	9                1                1                0.5              0.0              0.0              
	10               1                0                0.0              0.0              0.5              
	11               1                1                0.0              0.5              0.5              
	12               2                0                0.0              0.0              0.0              
	13               2                0                0.5              0.5              0.0              
	14               2                0                0.5              0.0              0.5              
	15               2                0                0.5              0.5              0.5              
# Ni Mn In 
[8, 4, 4]           Mart_C_3            -89.64791551        aust                [6.0969076986609485, 6.061223982062464, 6.007763532928273]
	0                0                0                0.25             0.25             0.25             
	1                0                0                0.75             0.25             0.25             
	2                0                0                0.25             0.25             0.75             
	3                0                0                0.75             0.25             0.75             
	4                0                0                0.25             0.75             0.25             
	5                0                0                0.75             0.75             0.25             
	6                0                0                0.25             0.75             0.75             
	7                0                0                0.75             0.75             0.75             
	8                1                0                0.0              0.5              0.0              
	9                1                1                0.5              0.0              0.0              
	10               1                1                0.0              0.0              0.5              
	11               1                0                0.0              0.5              0.5              
	12               2                0                0.0              0.0              0.0              
	13               2                0                0.5              0.5              0.0              
	14               2                0                0.5              0.0              0.5              
	15               2                0                0.5              0.5              0.5              
# Ni Mn In 
[8, 4, 4]           Mart_D_2            -90.46215669        mart                [6.000289268022326, 6.028134804802903, 6.227832177275514]
	0                0                0                0.25             0.25             0.25             
	1                0                0                0.75             0.25             0.25             
	2                0                0                0.25             0.75             0.25             
	3                0                0                0.75             0.75             0.25             
	4                0                0                0.25             0.25             0.75             
	5                0                0                0.75             0.25             0.75             
	6                0                0                0.25             0.75             0.75             
	7                0                0                0.75             0.75             0.75             
	8                1                0                0.0              0.0              0.0              
	9                1                1                0.0              0.0              0.5              
	10               1                0                0.5              0.5              0.0              
	11               1                1                0.5              0.5              0.5              
	12               2                0                0.5              0.0              0.5              
	13               2                0                0.0              0.5              0.5              
	14               2                0                0.5              0.0              0.0              
	15               2                0                0.0              0.5              0.0              
# Ni Mn In 
[8, 4, 4]           Mart_D_3            -90.2034177         aust                [6.052094772824608, 6.056448578585078, 6.15923926472453]
	0                0                0                0.25             0.25             0.25             
	1                0                0                0.75             0.25             0.25             
	2                0                0                0.25             0.75             0.25             
	3                0                0                0.75             0.75             0.25             
	4                0                0                0.25             0.25             0.75             
	5                0                0                0.75             0.25             0.75             
	6                0                0                0.25             0.75             0.75             
	7                0                0                0.75             0.75             0.75             
	8                1                0                0.0              0.0              0.0              
	9                1                1                0.0              0.0              0.5              
	10               1                1                0.5              0.5              0.0              
	11               1                0                0.5              0.5              0.5              
	12               2                0                0.5              0.0              0.5              
	13               2                0                0.0              0.5              0.5              
	14               2                0                0.5              0.0              0.0              
	15               2                0                0.0              0.5              0.0              
# Ni Mn In 
[8, 4, 4]           Mart_F_3            -90.63541669        mart                [6.013727565126622, 5.982734211029318, 6.232002632840255]
	0                0                0                0.25             0.25             0.25             
	1                0                0                0.25             0.25             0.75             
	2                0                0                0.25             0.75             0.25             
	3                0                0                0.25             0.75             0.75             
	4                0                0                0.75             0.25             0.25             
	5                0                0                0.75             0.25             0.75             
	6                0                0                0.75             0.75             0.25             
	7                0                0                0.75             0.75             0.75             
	8                1                0                0.0              0.0              0.0              
	9                1                1                0.5              0.0              0.0              
	10               1                1                0.5              0.0              0.5              
	11               1                0                0.5              0.5              0.5              
	12               2                0                0.5              0.5              0.0              
	13               2                0                0.0              0.5              0.5              
	14               2                0                0.0              0.0              0.5              
	15               2                0                0.0              0.5              0.0              
# Ni Mn In 
[8, 4, 4]           Ni2MnIn_M_OM        -91.36547702        aust                [6.063024489, 6.064561037, 6.058108046]
	0                0                0                0.25             0.25             0.25             
	1                0                0                0.75             0.25             0.25             
	2                0                0                0.25             0.75             0.25             
	3                0                0                0.75             0.75             0.25             
	4                0                0                0.25             0.25             0.75             
	5                0                0                0.75             0.25             0.75             
	6                0                0                0.25             0.75             0.75             
	7                0                0                0.75             0.75             0.75             
	8                1                1                0.0              0.0              0.0              
	9                1                1                0.5              0.0              0.5              
	10               1                1                0.0              0.5              0.5              
	11               1                1                0.5              0.5              0.0              
	12               2                0                0.0              0.0              0.5              
	13               2                0                0.5              0.0              0.0              
	14               2                0                0.0              0.5              0.0              
	15               2                0                0.5              0.5              0.5              
# Ni Mn In 
[8, 8, 0]           _NiMn               -116.08143991       mart                [5.7240723343454, 5.7240723343454, 6.064292329663156]
	0                0                1                0.25             0.25             0.25             
	1                0                1                0.75             0.25             0.25             
	2                0                1                0.25             0.25             0.75             
	3                0                1                0.75             0.25             0.75             
	4                0                1                0.25             0.75             0.25             
	5                0                1                0.75             0.75             0.25             
	6                0                1                0.25             0.75             0.75             
	7                0                1                0.75             0.75             0.75             
	8                1                1                0.0              0.0              0.0              
	9                1                1                0.0              0.0              0.5              
	10               1                1                0.5              0.0              0.0              
	11               1                1                0.5              0.0              0.5              
	12               1                1                0.0              0.5              0.0              
	13               1                1                0.0              0.5              0.5              
	14               1                1                0.5              0.5              0.0              
	15               1                1                0.5              0.5              0.5              
# Ni Mn In 
[8, 8, 0]           _NiMn_1             -117.32804306       mart                [5.08505934249526, 5.08505934249526, 7.207622166397542]
	0                0                0                0.25             0.25             0.25             
	1                0                0                0.75             0.25             0.25             
	2                0                0                0.25             0.25             0.75             
	3                0                0                0.75             0.25             0.75             
	4                0                0                0.25             0.75             0.25             
	5                0                0                0.75             0.75             0.25             
	6                0                0                0.25             0.75             0.75             
	7                0                0                0.75             0.75             0.75             
	8                1                0                0.0              0.0              0.0              
	9                1                1                0.0              0.0              0.5              
	10               1                1                0.5              0.0              0.0              
	11               1                0                0.5              0.0              0.5              
	12               1                1                0.0              0.5              0.0              
	13               1                0                0.0              0.5              0.5              
	14               1                0                0.5              0.5              0.0              
	15               1                1                0.5              0.5              0.5              
# Ni Mn In 
[8, 8, 0]           _NiMn_2             -116.34587955       mart                [5.187884598046335, 5.418820221606629, 6.8377645049684235]
	0                0                0                0.25             0.25             0.25             
	1                0                0                0.75             0.25             0.25             
	2                0                0                0.25             0.25             0.75             
	3                0                0                0.75             0.25             0.75             
	4                0                0                0.25             0.75             0.25             
	5                0                0                0.75             0.75             0.25             
	6                0                0                0.25             0.75             0.75             
	7                0                0                0.75             0.75             0.75             
	8                1                0                0.0              0.0              0.0              
	9                1                0                0.0              0.0              0.5              
	10               1                1                0.5              0.0              0.0              
	11               1                1                0.5              0.0              0.5              
	12               1                0                0.0              0.5              0.0              
	13               1                0                0.0              0.5              0.5              
	14               1                1                0.5              0.5              0.0              
	15               1                1                0.5              0.5              0.5              
# Ni Mn In 
[8, 8, 0]           _NiMn_3             -116.90565122       mart                [5.121087404879929, 5.264220042252081, 7.022151641854382]
	0                0                0                0.25             0.25             0.25             
	1                0                0                0.75             0.25             0.25             
	2                0                0                0.25             0.25             0.75             
	3                0                0                0.75             0.25             0.75             
	4                0                0                0.25             0.75             0.25             
	5                0                0                0.75             0.75             0.25             
	6                0                0                0.25             0.75             0.75             
	7                0                0                0.75             0.75             0.75             
	8                1                1                0.0              0.0              0.0              
	9                1                0                0.0              0.0              0.5              
	10               1                0                0.5              0.0              0.0              
	11               1                1                0.5              0.0              0.5              
	12               1                0                0.0              0.5              0.0              
	13               1                0                0.0              0.5              0.5              
	14               1                1                0.5              0.5              0.0              
	15               1                1                0.5              0.5              0.5              
# Ni Mn In 
[8, 8, 0]           _NiMn_5             -115.95763608       mart                [5.126449574221785, 5.126449574221785, 7.1392232794699995]
	0                0                0                0.25             0.25             0.25             
	1                0                0                0.75             0.25             0.25             
	2                0                0                0.25             0.25             0.75             
	3                0                0                0.75             0.25             0.75             
	4                0                0                0.25             0.75             0.25             
	5                0                0                0.75             0.75             0.25             
	6                0                0                0.25             0.75             0.75             
	7                0                0                0.75             0.75             0.75             
	8                1                0                0.0              0.0              0.0              
	9                1                0                0.0              0.0              0.5              
	10               1                1                0.5              0.0              0.0              
	11               1                0                0.5              0.0              0.5              
	12               1                1                0.0              0.5              0.0              
	13               1                0                0.0              0.5              0.5              
	14               1                1                0.5              0.5              0.0              
	15               1                1                0.5              0.5              0.5              
# Ni Mn In 
[8, 8, 0]           _NiMn_6             -116.10882451       mart                [5.262330916254265, 5.32090001131575, 6.880383091149078]
	0                0                0                0.25             0.25             0.25             
	1                0                0                0.75             0.25             0.25             
	2                0                0                0.25             0.25             0.75             
	3                0                0                0.75             0.25             0.75             
	4                0                0                0.25             0.75             0.25             
	5                0                0                0.75             0.75             0.25             
	6                0                0                0.25             0.75             0.75             
	7                0                0                0.75             0.75             0.75             
	8                1                0                0.0              0.0              0.0              
	9                1                0                0.0              0.0              0.5              
	10               1                1                0.5              0.0              0.0              
	11               1                0                0.5              0.0              0.5              
	12               1                1                0.0              0.5              0.0              
	13               1                1                0.0              0.5              0.5              
	14               1                1                0.5              0.5              0.0              
	15               1                0                0.5              0.5              0.5              
# Ni Mn In 
[8, 8, 0]           NiMn_1              -115.88358978       aust                [5.792788446530136, 5.792788446530136, 5.792788446530136]
	0                0                0                0.25             0.25             0.25             
	1                0                0                0.25             0.25             0.75             
	2                0                0                0.75             0.25             0.25             
	3                0                0                0.75             0.25             0.75             
	4                0                0                0.25             0.75             0.25             
	5                0                0                0.25             0.75             0.75             
	6                0                0                0.75             0.75             0.25             
	7                0                0                0.75             0.75             0.75             
	8                1                0                0.0              0.0              0.0              
	9                1                1                0.5              0.0              0.0              
	10               1                1                0.0              0.0              0.5              
	11               1                0                0.5              0.0              0.5              
	12               1                1                0.0              0.5              0.0              
	13               1                0                0.5              0.5              0.0              
	14               1                0                0.0              0.5              0.5              
	15               1                1                0.5              0.5              0.5              
# Ni Mn In 
[8, 8, 0]           NiMn_5              -115.93543797       aust                [5.80370467507686, 5.80370467507686, 5.804409076433599]
	0                0                0                0.25             0.25             0.25             
	1                0                0                0.75             0.25             0.25             
	2                0                0                0.25             0.25             0.75             
	3                0                0                0.75             0.25             0.75             
	4                0                0                0.25             0.75             0.25             
	5                0                0                0.75             0.75             0.25             
	6                0                0                0.25             0.75             0.75             
	7                0                0                0.75             0.75             0.75             
	8                1                0                0.0              0.0              0.0              
	9                1                0                0.0              0.0              0.5              
	10               1                1                0.5              0.0              0.0              
	11               1                0                0.5              0.0              0.5              
	12               1                1                0.0              0.5              0.0              
	13               1                0                0.0              0.5              0.5              
	14               1                0                0.5              0.5              0.0              
	15               1                1                0.5              0.5              0.5              
# Ni Mn In 
[8, 6, 2]           Aust_A_M            -102.93418          aust                [5.97586718, 5.97586718, 5.97586718]
	0                0                1                0.25             0.25             0.25             
	1                0                1                0.25             0.25             0.75             
	2                0                1                0.25             0.75             0.25             
	3                0                1                0.25             0.75             0.75             
	4                0                1                0.75             0.25             0.25             
	5                0                1                0.75             0.25             0.75             
	6                0                1                0.75             0.75             0.25             
	7                0                1                0.75             0.75             0.75             
	8                1                1                0.5              0.0              0.0              
	9                1                1                0.0              0.0              0.5              
	10               1                1                0.5              0.0              0.5              
	11               1                1                0.0              0.5              0.0              
	12               1                1                0.5              0.5              0.0              
	13               1                1                0.0              0.5              0.5              
	14               2                0                0.0              0.0              0.0              
	15               2                0                0.5              0.5              0.5              
# Ni Mn In 
[8, 6, 2]           Aust_A_1            -100.22711          aust                [5.90400867, 5.90400867, 5.90171119]
	0                0                0                0.25             0.25             0.25             
	1                0                0                0.75             0.25             0.25             
	2                0                0                0.25             0.25             0.75             
	3                0                0                0.75             0.25             0.75             
	4                0                0                0.25             0.75             0.25             
	5                0                0                0.75             0.75             0.25             
	6                0                0                0.25             0.75             0.75             
	7                0                0                0.75             0.75             0.75             
	8                1                0                0.0              0.5              0.0              
	9                1                0                0.5              0.0              0.0              
	10               1                0                0.5              0.5              0.0              
	11               1                0                0.0              0.0              0.5              
	12               1                1                0.0              0.5              0.5              
	13               1                1                0.5              0.0              0.5              
	14               2                0                0.0              0.0              0.0              
	15               2                0                0.5              0.5              0.5              
# Ni Mn In 
[8, 6, 2]           Aust_A_4            -102.85172          aust                [5.97041968, 5.97041621, 5.93654624]
	0                0                0                0.25             0.25             0.25             
	1                0                0                0.25             0.25             0.75             
	2                0                0                0.25             0.75             0.25             
	3                0                0                0.25             0.75             0.75             
	4                0                0                0.75             0.25             0.25             
	5                0                0                0.75             0.25             0.75             
	6                0                0                0.75             0.75             0.25             
	7                0                0                0.75             0.75             0.75             
	8                1                0                0.5              0.0              0.0              
	9                1                0                0.0              0.0              0.5              
	10               1                1                0.5              0.0              0.5              
	11               1                1                0.0              0.5              0.0              
	12               1                1                0.5              0.5              0.0              
	13               1                0                0.0              0.5              0.5              
	14               2                0                0.0              0.0              0.0              
	15               2                0                0.5              0.5              0.5              
# Ni Mn In 
[8, 6, 2]           Aust_B_M            -103.5313           aust                [5.92579563, 5.92579563, 6.01707691]
	0                0                1                0.25             0.25             0.25             
	1                0                1                0.75             0.25             0.25             
	2                0                1                0.25             0.25             0.75             
	3                0                1                0.75             0.25             0.75             
	4                0                1                0.25             0.75             0.25             
	5                0                1                0.75             0.75             0.25             
	6                0                1                0.25             0.75             0.75             
	7                0                1                0.75             0.75             0.75             
	8                1                1                0.0              0.5              0.0              
	9                1                1                0.5              0.0              0.0              
	10               1                1                0.0              0.0              0.5              
	11               1                1                0.0              0.5              0.5              
	12               1                1                0.5              0.0              0.5              
	13               1                1                0.5              0.5              0.5              
	14               2                0                0.0              0.0              0.0              
	15               2                0                0.5              0.5              0.0              
# Ni Mn In 
[8, 6, 2]           Aust_B_2            -101.71773          mart                [5.41308615, 5.41452861, 6.91546736]
	0                0                0                0.25             0.25             0.25             
	1                0                0                0.75             0.25             0.25             
	2                0                0                0.25             0.25             0.75             
	3                0                0                0.75             0.25             0.75             
	4                0                0                0.25             0.75             0.25             
	5                0                0                0.75             0.75             0.25             
	6                0                0                0.25             0.75             0.75             
	7                0                0                0.75             0.75             0.75             
	8                1                0                0.0              0.5              0.0              
	9                1                0                0.5              0.0              0.0              
	10               1                0                0.0              0.0              0.5              
	11               1                0                0.0              0.5              0.5              
	12               1                0                0.5              0.0              0.5              
	13               1                0                0.5              0.5              0.5              
	14               2                0                0.0              0.0              0.0              
	15               2                0                0.5              0.5              0.0              
# Ni Mn In 
[8, 6, 2]           Aust_B_3            -101.55633          mart                [5.29668315, 5.40075486, 7.06583916]
	0                0                0                0.25             0.25             0.25             
	1                0                0                0.75             0.25             0.25             
	2                0                0                0.25             0.75             0.25             
	3                0                0                0.75             0.75             0.25             
	4                0                0                0.25             0.25             0.75             
	5                0                0                0.75             0.25             0.75             
	6                0                0                0.25             0.75             0.75             
	7                0                0                0.75             0.75             0.75             
	8                1                1                0.0              0.0              0.5              
	9                1                0                0.5              0.0              0.0              
	10               1                1                0.0              0.5              0.0              
	11               1                0                0.0              0.5              0.5              
	12               1                0                0.5              0.5              0.0              
	13               1                0                0.5              0.5              0.5              
	14               2                0                0.0              0.0              0.0              
	15               2                0                0.5              0.0              0.5              
# Ni Mn In 
[8, 6, 2]           Aust_C_M            -103.36772          mart                [5.7448806, 5.7448806, 6.38957302]
	0                0                1                0.25             0.25             0.25             
	1                0                1                0.75             0.25             0.25             
	2                0                1                0.25             0.75             0.25             
	3                0                1                0.75             0.75             0.25             
	4                0                1                0.25             0.25             0.75             
	5                0                1                0.75             0.25             0.75             
	6                0                1                0.25             0.75             0.75             
	7                0                1                0.75             0.75             0.75             
	8                1                1                0.0              0.0              0.0              
	9                1                1                0.0              0.0              0.5              
	10               1                1                0.5              0.0              0.0              
	11               1                1                0.5              0.0              0.5              
	12               1                1                0.0              0.5              0.0              
	13               1                1                0.0              0.5              0.5              
	14               2                0                0.5              0.5              0.0              
	15               2                0                0.5              0.5              0.5              
# Ni Mn In 
[8, 6, 2]           Aust_C_2            -100.58688          mart                [5.21445806, 5.29471237, 7.12641293]
	0                0                0                0.25             0.25             0.25             
	1                0                0                0.75             0.25             0.25             
	2                0                0                0.25             0.75             0.25             
	3                0                0                0.75             0.75             0.25             
	4                0                0                0.25             0.25             0.75             
	5                0                0                0.75             0.25             0.75             
	6                0                0                0.25             0.75             0.75             
	7                0                0                0.75             0.75             0.75             
	8                1                0                0.0              0.0              0.0              
	9                1                0                0.0              0.0              0.5              
	10               1                0                0.5              0.0              0.0              
	11               1                0                0.5              0.0              0.5              
	12               1                1                0.0              0.5              0.0              
	13               1                1                0.0              0.5              0.5              
	14               2                0                0.5              0.5              0.0              
	15               2                0                0.5              0.5              0.5              
# Ni Mn In 
[8, 6, 2]           Aust_C_3            -103.30359          mart                [5.49029549, 5.57763466, 6.7979687]
	0                0                0                0.25             0.25             0.25             
	1                0                0                0.75             0.25             0.25             
	2                0                0                0.25             0.25             0.75             
	3                0                0                0.75             0.25             0.75             
	4                0                0                0.25             0.75             0.25             
	5                0                0                0.75             0.75             0.25             
	6                0                0                0.25             0.75             0.75             
	7                0                0                0.75             0.75             0.75             
	8                1                1                0.0              0.0              0.0              
	9                1                0                0.0              0.5              0.0              
	10               1                0                0.5              0.0              0.0              
	11               1                1                0.5              0.5              0.0              
	12               1                1                0.0              0.0              0.5              
	13               1                1                0.0              0.5              0.5              
	14               2                0                0.5              0.0              0.5              
	15               2                0                0.5              0.5              0.5              
# Ni Mn In 
[8, 6, 2]           Aust_C_4            -103.62754          mart                [5.58418836, 5.48515117, 6.76265037]
	0                0                0                0.25             0.25             0.25             
	1                0                0                0.75             0.25             0.25             
	2                0                0                0.25             0.25             0.75             
	3                0                0                0.75             0.25             0.75             
	4                0                0                0.25             0.75             0.25             
	5                0                0                0.75             0.75             0.25             
	6                0                0                0.25             0.75             0.75             
	7                0                0                0.75             0.75             0.75             
	8                1                1                0.0              0.0              0.0              
	9                1                0                0.0              0.5              0.0              
	10               1                0                0.5              0.0              0.0              
	11               1                1                0.5              0.5              0.0              
	12               1                1                0.0              0.0              0.5              
	13               1                0                0.0              0.5              0.5              
	14               2                0                0.5              0.0              0.5              
	15               2                0                0.5              0.5              0.5              
# Ni Mn In 
[8, 6, 2]           Mart_A_O            -103.25568          mart                [5.46969776, 5.46559947, 6.97010516]
	0                0                0                0.25             0.25             0.25             
	1                0                0                0.75             0.25             0.25             
	2                0                0                0.25             0.75             0.25             
	3                0                1                0.75             0.75             0.25             
	4                0                1                0.25             0.25             0.75             
	5                0                0                0.75             0.25             0.75             
	6                0                0                0.25             0.75             0.75             
	7                0                0                0.75             0.75             0.75             
	8                1                0                0.0              0.0              0.5              
	9                1                1                0.5              0.0              0.0              
	10               1                1                0.5              0.0              0.5              
	11               1                1                0.0              0.5              0.0              
	12               1                1                0.0              0.5              0.5              
	13               1                0                0.5              0.5              0.0              
	14               2                0                0.0              0.0              0.0              
	15               2                0                0.5              0.5              0.5              
# Ni Mn In 
[8, 6, 2]           Mart_A_M            -102.93818          mart                [5.7545017, 5.75532776, 6.41501498]
	0                0                1                0.25             0.25             0.25             
	1                0                1                0.75             0.25             0.25             
	2                0                1                0.25             0.75             0.25             
	3                0                1                0.75             0.75             0.25             
	4                0                1                0.25             0.25             0.75             
	5                0                1                0.75             0.25             0.75             
	6                0                1                0.25             0.75             0.75             
	7                0                1                0.75             0.75             0.75             
	8                1                1                0.0              0.0              0.5              
	9                1                1                0.5              0.0              0.0              
	10               1                1                0.5              0.0              0.5              
	11               1                1                0.0              0.5              0.0              
	12               1                1                0.0              0.5              0.5              
	13               1                1                0.5              0.5              0.0              
	14               2                0                0.0              0.0              0.0              
	15               2                0                0.5              0.5              0.5              
# Ni Mn In 
[8, 6, 2]           Mart_A_1            -101.26311          mart                [5.341683, 5.3402768, 7.08204307]
	0                0                0                0.25             0.25             0.25             
	1                0                0                0.75             0.25             0.25             
	2                0                0                0.25             0.75             0.25             
	3                0                0                0.75             0.75             0.25             
	4                0                0                0.25             0.25             0.75             
	5                0                0                0.75             0.25             0.75             
	6                0                0                0.25             0.75             0.75             
	7                0                0                0.75             0.75             0.75             
	8                1                0                0.0              0.0              0.5              
	9                1                0                0.5              0.0              0.0              
	10               1                0                0.5              0.0              0.5              
	11               1                1                0.0              0.5              0.0              
	12               1                1                0.0              0.5              0.5              
	13               1                0                0.5              0.5              0.0              
	14               2                0                0.0              0.0              0.0              
	15               2                0                0.5              0.5              0.5              
# Ni Mn In 
[8, 6, 2]           Mart_A_2            -102.98725          mart                [5.6422028, 5.45182656, 6.81159287]
	0                0                0                0.25             0.25             0.25             
	1                0                0                0.75             0.25             0.25             
	2                0                0                0.25             0.75             0.25             
	3                0                0                0.75             0.75             0.25             
	4                0                0                0.25             0.25             0.75             
	5                0                0                0.75             0.25             0.75             
	6                0                0                0.25             0.75             0.75             
	7                0                0                0.75             0.75             0.75             
	8                1                1                0.0              0.0              0.5              
	9                1                0                0.5              0.0              0.0              
	10               1                0                0.5              0.0              0.5              
	11               1                1                0.0              0.5              0.0              
	12               1                0                0.0              0.5              0.5              
	13               1                1                0.5              0.5              0.0              
	14               2                0                0.0              0.0              0.0              
	15               2                0                0.5              0.5              0.5              
# Ni Mn In 
[8, 6, 2]           Mart_A_3            -103.29215          mart                [5.44788086, 5.44748474, 7.02346889]
	0                0                0                0.25             0.25             0.25             
	1                0                0                0.75             0.25             0.25             
	2                0                0                0.25             0.75             0.25             
	3                0                0                0.75             0.75             0.25             
	4                0                0                0.25             0.25             0.75             
	5                0                0                0.75             0.25             0.75             
	6                0                0                0.25             0.75             0.75             
	7                0                0                0.75             0.75             0.75             
	8                1                1                0.0              0.0              0.5              
	9                1                1                0.5              0.0              0.0              
	10               1                0                0.5              0.0              0.5              
	11               1                1                0.0              0.5              0.0              
	12               1                0                0.0              0.5              0.5              
	13               1                0                0.5              0.5              0.0              
	14               2                0                0.0              0.0              0.0              
	15               2                0                0.5              0.5              0.5              
# Ni Mn In 
[8, 6, 2]           Mart_B_O            -101.69266          mart                [5.29934617, 5.3846944, 7.05579547]
	0                0                1                0.25             0.25             0.25             
	1                0                1                0.75             0.25             0.25             
	2                0                1                0.25             0.75             0.25             
	3                0                1                0.75             0.75             0.25             
	4                0                1                0.25             0.25             0.75             
	5                0                1                0.75             0.25             0.75             
	6                0                1                0.25             0.75             0.75             
	7                0                1                0.75             0.75             0.75             
	8                1                1                0.0              0.0              0.5              
	9                1                1                0.5              0.0              0.0              
	10               1                1                0.0              0.5              0.0              
	11               1                0                0.0              0.5              0.5              
	12               1                0                0.5              0.5              0.0              
	13               1                1                0.5              0.5              0.5              
	14               2                0                0.0              0.0              0.0              
	15               2                0                0.5              0.0              0.5              
# Ni Mn In 
[8, 6, 2]           Mart_B_1            -103.59661          mart                [5.43486292, 5.44132247, 7.02131757]
	0                0                0                0.25             0.25             0.25             
	1                0                0                0.75             0.25             0.25             
	2                0                0                0.25             0.25             0.75             
	3                0                0                0.75             0.25             0.75             
	4                0                0                0.25             0.75             0.25             
	5                0                0                0.75             0.75             0.25             
	6                0                0                0.25             0.75             0.75             
	7                0                0                0.75             0.75             0.75             
	8                1                0                0.0              0.5              0.0              
	9                1                1                0.5              0.0              0.0              
	10               1                1                0.0              0.0              0.5              
	11               1                0                0.0              0.5              0.5              
	12               1                0                0.5              0.0              0.5              
	13               1                1                0.5              0.5              0.5              
	14               2                0                0.0              0.0              0.0              
	15               2                0                0.5              0.5              0.0              
# Ni Mn In 
[8, 6, 2]           Mart_B_2            -102.1402           mart                [5.48119474, 5.42536329, 6.92118497]
	0                0                0                0.25             0.25             0.25             
	1                0                0                0.75             0.25             0.25             
	2                0                0                0.25             0.75             0.25             
	3                0                0                0.75             0.75             0.25             
	4                0                0                0.25             0.25             0.75             
	5                0                0                0.75             0.25             0.75             
	6                0                0                0.25             0.75             0.75             
	7                0                0                0.75             0.75             0.75             
	8                1                0                0.0              0.0              0.5              
	9                1                0                0.5              0.0              0.0              
	10               1                1                0.0              0.5              0.0              
	11               1                1                0.0              0.5              0.5              
	12               1                0                0.5              0.5              0.0              
	13               1                1                0.5              0.5              0.5              
	14               2                0                0.0              0.0              0.0              
	15               2                0                0.5              0.0              0.5              
# Ni Mn In 
[8, 6, 2]           Mart_B_3            -99.947035          mart                [5.18501367, 5.22224893, 7.24488307]
	0                0                0                0.25             0.25             0.25             
	1                0                0                0.75             0.25             0.25             
	2                0                0                0.25             0.75             0.25             
	3                0                0                0.75             0.75             0.25             
	4                0                0                0.25             0.25             0.75             
	5                0                0                0.75             0.25             0.75             
	6                0                0                0.25             0.75             0.75             
	7                0                0                0.75             0.75             0.75             
	8                1                0                0.0              0.0              0.5              
	9                1                0                0.5              0.0              0.0              
	10               1                1                0.0              0.5              0.0              
	11               1                0                0.0              0.5              0.5              
	12               1                0                0.5              0.5              0.0              
	13               1                0                0.5              0.5              0.5              
	14               2                0                0.0              0.0              0.0              
	15               2                0                0.5              0.0              0.5              
# Ni Mn In 
[8, 6, 2]           Mart_B_4            -101.70129          mart                [5.31686276, 5.33350742, 7.1074196]
	0                0                0                0.25             0.25             0.25             
	1                0                0                0.75             0.25             0.25             
	2                0                0                0.25             0.75             0.25             
	3                0                0                0.75             0.75             0.25             
	4                0                0                0.25             0.25             0.75             
	5                0                0                0.75             0.25             0.75             
	6                0                0                0.25             0.75             0.75             
	7                0                0                0.75             0.75             0.75             
	8                1                0                0.0              0.0              0.5              
	9                1                0                0.5              0.0              0.0              
	10               1                1                0.0              0.5              0.0              
	11               1                1                0.0              0.5              0.5              
	12               1                0                0.5              0.5              0.0              
	13               1                0                0.5              0.5              0.5              
	14               2                0                0.0              0.0              0.0              
	15               2                0                0.5              0.0              0.5              
# Ni Mn In 
[8, 6, 2]           Mart_C_O            -103.96595          mart                [5.48825204, 5.49023437, 6.86789103]
	0                0                0                0.25             0.25             0.25             
	1                0                0                0.75             0.25             0.25             
	2                0                0                0.25             0.75             0.25             
	3                0                0                0.75             0.75             0.25             
	4                0                0                0.25             0.25             0.75             
	5                0                0                0.75             0.25             0.75             
	6                0                0                0.25             0.75             0.75             
	7                0                0                0.75             0.75             0.75             
	8                1                0                0.0              0.0              0.0              
	9                1                0                0.0              0.0              0.5              
	10               1                1                0.5              0.0              0.0              
	11               1                1                0.5              0.0              0.5              
	12               1                1                0.0              0.5              0.0              
	13               1                1                0.0              0.5              0.5              
	14               2                0                0.5              0.5              0.0              
	15               2                0                0.5              0.5              0.5              
# Ni Mn In 
[8, 6, 2]           Mart_C_M            -101.92844          mart                [5.40013337, 5.40083749, 6.95126204]
	0                0                1                0.25             0.25             0.25             
	1                0                1                0.75             0.25             0.25             
	2                0                1                0.25             0.75             0.25             
	3                0                1                0.75             0.75             0.25             
	4                0                1                0.25             0.25             0.75             
	5                0                1                0.75             0.25             0.75             
	6                0                1                0.25             0.75             0.75             
	7                0                1                0.75             0.75             0.75             
	8                1                0                0.0              0.0              0.0              
	9                1                0                0.0              0.0              0.5              
	10               1                1                0.5              0.0              0.0              
	11               1                1                0.5              0.0              0.5              
	12               1                1                0.0              0.5              0.0              
	13               1                1                0.0              0.5              0.5              
	14               2                0                0.5              0.5              0.0              
	15               2                0                0.5              0.5              0.5              
# Ni Mn In 
[8, 6, 2]           Mart_C_2            -102.59285          mart                [5.53317515, 5.44129101, 6.84536305]
	0                0                0                0.25             0.25             0.25             
	1                0                0                0.75             0.25             0.25             
	2                0                0                0.25             0.75             0.25             
	3                0                0                0.75             0.75             0.25             
	4                0                0                0.25             0.25             0.75             
	5                0                0                0.75             0.25             0.75             
	6                0                0                0.25             0.75             0.75             
	7                0                0                0.75             0.75             0.75             
	8                1                0                0.0              0.0              0.0              
	9                1                0                0.0              0.0              0.5              
	10               1                0                0.5              0.0              0.0              
	11               1                0                0.5              0.0              0.5              
	12               1                1                0.0              0.5              0.0              
	13               1                1                0.0              0.5              0.5              
	14               2                0                0.5              0.5              0.0              
	15               2                0                0.5              0.5              0.5              
# Ni Mn In 
[8, 6, 2]           Mart_C_3            -103.58134          mart                [5.62814204, 5.50661408, 6.72703027]
	0                0                0                0.25             0.25             0.25             
	1                0                0                0.75             0.25             0.25             
	2                0                0                0.25             0.75             0.25             
	3                0                0                0.75             0.75             0.25             
	4                0                0                0.25             0.25             0.75             
	5                0                0                0.75             0.25             0.75             
	6                0                0                0.25             0.75             0.75             
	7                0                0                0.75             0.75             0.75             
	8                1                0                0.0              0.0              0.0              
	9                1                0                0.0              0.0              0.5              
	10               1                0                0.5              0.0              0.0              
	11               1                1                0.5              0.0              0.5              
	12               1                1                0.0              0.5              0.0              
	13               1                1                0.0              0.5              0.5              
	14               2                0                0.5              0.5              0.0              
	15               2                0                0.5              0.5              0.5              
# Ni Mn In 
[8, 6, 2]           Mart_C_4            -101.58784          mart                [5.35765761, 5.35730386, 7.05045762]
	0                0                0                0.25             0.25             0.25             
	1                0                0                0.75             0.25             0.25             
	2                0                0                0.25             0.75             0.25             
	3                0                0                0.75             0.75             0.25             
	4                0                0                0.25             0.25             0.75             
	5                0                0                0.75             0.25             0.75             
	6                0                0                0.25             0.75             0.75             
	7                0                0                0.75             0.75             0.75             
	8                1                0                0.0              0.0              0.0              
	9                1                0                0.0              0.0              0.5              
	10               1                0                0.5              0.0              0.0              
	11               1                1                0.5              0.0              0.5              
	12               1                1                0.0              0.5              0.0              
	13               1                0                0.0              0.5              0.5              
	14               2                0                0.5              0.5              0.0              
	15               2                0                0.5              0.5              0.5              
# Ni Mn In 
[8, 8, 0]           NiMn                -116.069182         aust                [5.838670632, 5.838670632, 5.838670632]
	0                0                1                0.25             0.25             0.25             
	1                0                1                0.25             0.25             0.75             
	2                0                1                0.75             0.25             0.25             
	3                0                1                0.75             0.25             0.75             
	4                0                1                0.25             0.75             0.25             
	5                0                1                0.25             0.75             0.75             
	6                0                1                0.75             0.75             0.25             
	7                0                1                0.75             0.75             0.75             
	8                1                1                0.0              0.0              0.0              
	9                1                1                0.5              0.0              0.0              
	10               1                1                0.0              0.0              0.5              
	11               1                1                0.5              0.0              0.5              
	12               1                1                0.0              0.5              0.0              
	13               1                1                0.5              0.5              0.0              
	14               1                1                0.0              0.5              0.5              
	15               1                1                0.5              0.5              0.5              
# Ni Mn In 
[8, 8, 0]           _NiMn_1             -118.2737173        mart                [5.114571065, 5.114571065, 7.15642733]
	0                0                0                0.25             0.25             0.25             
	1                0                0                0.75             0.25             0.25             
	2                0                0                0.25             0.25             0.75             
	3                0                0                0.75             0.25             0.75             
	4                0                0                0.25             0.75             0.25             
	5                0                0                0.75             0.75             0.25             
	6                0                0                0.25             0.75             0.75             
	7                0                0                0.75             0.75             0.75             
	8                1                0                0.0              0.0              0.0              
	9                1                0                0.0              0.0              0.5              
	10               1                1                0.5              0.0              0.0              
	11               1                1                0.5              0.0              0.5              
	12               1                1                0.0              0.5              0.0              
	13               1                1                0.0              0.5              0.5              
	14               1                0                0.5              0.5              0.0              
	15               1                0                0.5              0.5              0.5              
