                  rss         intercept mono_NiA mono_MnA mono_InA mono_NiM  \
alpha_1e-15        51  [-103.537824522]   -0.011    -0.24      1.2   0.0061   
alpha_3.2e-15      51  [-103.583179612]   -0.011    -0.24      1.2   0.0092   
alpha_1e-14        51   [-105.73111891]    0.037    -0.15      1.3   -0.029   
alpha_3.2e-14      51  [-103.987192659]  -0.0037    -0.22      1.3 -0.00024   
alpha_1e-13        51  [-103.759368145]  -0.0077    -0.23      1.2   0.0073   
alpha_3.2e-13      51  [-103.641943783]  -0.0097    -0.23      1.2   0.0098   
alpha_1e-12        51  [-103.615726187]    -0.01    -0.23      1.2     0.01   
alpha_3.2e-12      51  [-103.608482292]   -0.011    -0.23      1.2    0.011   
alpha_1e-11        51  [-103.605664386]   -0.011    -0.23      1.2    0.011   
alpha_3.2e-11      51  [-103.604548351]   -0.011    -0.23      1.2    0.011   
alpha_1e-10        51   [-103.60427138]   -0.011    -0.23      1.2    0.011   
alpha_3.2e-10      51  [-103.604200851]   -0.011    -0.23      1.2    0.011   
alpha_1e-09        51  [-103.604170417]   -0.011    -0.23      1.2    0.011   
alpha_3.2e-09      51   [-103.60415945]   -0.011    -0.23      1.2    0.011   
alpha_1e-08        51  [-103.604156824]   -0.011    -0.23      1.2    0.011   
alpha_3.2e-08      51  [-103.604156168]   -0.011    -0.23      1.2    0.011   
alpha_1e-07        51  [-103.604156972]   -0.011    -0.23      1.2    0.011   
alpha_3.2e-07      51  [-103.604160204]   -0.011    -0.23      1.2    0.011   
alpha_1e-06        51  [-103.604170881]   -0.011    -0.23      1.2    0.011   
alpha_3.2e-06      51  [-103.604204703]   -0.011    -0.23      1.2    0.011   
alpha_1e-05        51  [-103.604311662]   -0.011    -0.23      1.2    0.011   
alpha_3.2e-05      51    [-103.6046497]   -0.011    -0.23      1.2    0.011   
alpha_0.0001       51  [-103.605716622]   -0.011    -0.23      1.2    0.011   
alpha_0.00032      51  [-103.609070158]   -0.011    -0.23      1.2    0.011   
alpha_0.001        51  [-103.619475732]   -0.011    -0.23      1.2    0.011   
alpha_0.0032       51   [-103.65051939]   -0.011    -0.23      1.2    0.011   
alpha_0.01         51  [-103.733417376]   -0.011    -0.23      1.2    0.011   
alpha_0.032        54  [-103.903773666]   -0.011    -0.23      1.2    0.011   
alpha_0.1          65  [-104.121850226]   -0.011    -0.22      1.2    0.011   
alpha_0.32    1.2e+02  [-104.230783689]  -0.0086     -0.2        1   0.0086   
alpha_1       3.9e+02  [-104.046508175]  -0.0052    -0.15     0.81   0.0052   
alpha_3.2     1.3e+03  [-103.597541176]  -0.0013   -0.089      0.5   0.0013   
alpha_10      2.9e+03  [-103.233073847]  0.00066   -0.039     0.23 -0.00066   
alpha_32      4.1e+03  [-103.084593328]  0.00074   -0.014    0.085 -0.00074   
alpha_1e+02   4.7e+03  [-103.042474677]  0.00037  -0.0045    0.029 -0.00037   
alpha_3.2e+02 4.9e+03  [-103.031449175]  0.00014  -0.0014   0.0093 -0.00014   
alpha_1e+03     5e+03  [-103.028356109]  4.5e-05 -0.00045    0.003 -4.5e-05   
alpha_3.2e+03   5e+03   [-103.02742577]  1.5e-05 -0.00014  0.00094 -1.5e-05   
alpha_1e+04     5e+03  [-103.027136669]  4.7e-06 -4.5e-05   0.0003 -4.7e-06   
alpha_3.2e+04   5e+03  [-103.027045767]  1.5e-06 -1.4e-05  9.4e-05 -1.5e-06   
alpha_1e+05     5e+03  [-103.027017074]  4.7e-07 -4.5e-06    3e-05 -4.7e-07   
alpha_3.2e+05   5e+03  [-103.027008006]  1.5e-07 -1.4e-06  9.4e-06 -1.5e-07   
alpha_1e+06     5e+03  [-103.027005139]  4.7e-08 -4.5e-07    3e-06 -4.7e-08   
alpha_3.2e+06   5e+03  [-103.027004232]  1.5e-08 -1.4e-07  9.4e-07 -1.5e-08   
alpha_1e+07     5e+03  [-103.027003946]  4.7e-09 -4.5e-08    3e-07 -4.7e-09   
alpha_3.2e+07   5e+03  [-103.027003855]  1.5e-09 -1.4e-08  9.4e-08 -1.5e-09   
alpha_1e+08     5e+03  [-103.027003826]  4.7e-10 -4.5e-09    3e-08 -4.7e-10   
alpha_3.2e+08   5e+03  [-103.027003817]  1.5e-10 -1.4e-09  9.4e-09 -1.5e-10   
alpha_1e+09     5e+03  [-103.027003814]  4.7e-11 -4.5e-10    3e-09 -4.7e-11   
alpha_3.2e+09   5e+03  [-103.027003813]  1.5e-11 -1.4e-10  9.4e-10 -1.5e-11   
alpha_1e+10     5e+03  [-103.027003813]  4.7e-12 -4.5e-11    3e-10 -4.7e-12   

              mono_MnM mono_InM NN-NiNi-Mart NN-NiMn-Mart  \
alpha_1e-15      -0.18      1.1       -0.062       -0.011   
alpha_3.2e-15    -0.18      1.1        -0.02       -0.011   
alpha_1e-14      -0.13      1.6            0      -0.0092   
alpha_3.2e-14    -0.17      1.2            0        -0.01   
alpha_1e-13      -0.17      1.1            0       -0.011   
alpha_3.2e-13    -0.17      1.1            0       -0.011   
alpha_1e-12      -0.17      1.1            0       -0.011   
alpha_3.2e-12    -0.17      1.1            0       -0.011   
alpha_1e-11      -0.17      1.1            0       -0.011   
alpha_3.2e-11    -0.17      1.1            0       -0.011   
alpha_1e-10      -0.17      1.1            0       -0.011   
alpha_3.2e-10    -0.17      1.1            0       -0.011   
alpha_1e-09      -0.17      1.1            0       -0.011   
alpha_3.2e-09    -0.17      1.1            0       -0.011   
alpha_1e-08      -0.17      1.1            0       -0.011   
alpha_3.2e-08    -0.17      1.1            0       -0.011   
alpha_1e-07      -0.17      1.1            0       -0.011   
alpha_3.2e-07    -0.17      1.1            0       -0.011   
alpha_1e-06      -0.17      1.1            0       -0.011   
alpha_3.2e-06    -0.17      1.1            0       -0.011   
alpha_1e-05      -0.17      1.1            0       -0.011   
alpha_3.2e-05    -0.17      1.1            0       -0.011   
alpha_0.0001     -0.17      1.1            0       -0.011   
alpha_0.00032    -0.17      1.1            0       -0.011   
alpha_0.001      -0.17      1.1            0       -0.011   
alpha_0.0032     -0.17      1.1            0       -0.011   
alpha_0.01       -0.17        1            0       -0.011   
alpha_0.032      -0.16        1            0        -0.01   
alpha_0.1        -0.15     0.92            0      -0.0092   
alpha_0.32       -0.13     0.82            0      -0.0083   
alpha_1          -0.11     0.67            0       -0.007   
alpha_3.2       -0.078     0.45            0      -0.0049   
alpha_10         -0.04     0.22            0      -0.0025   
alpha_32        -0.016    0.084            0       -0.001   
alpha_1e+02    -0.0057    0.029            0     -0.00035   
alpha_3.2e+02  -0.0019   0.0092            0     -0.00012   
alpha_1e+03   -0.00059   0.0029            0     -3.7e-05   
alpha_3.2e+03 -0.00019  0.00093            0     -1.2e-05   
alpha_1e+04     -6e-05  0.00029            0     -3.7e-06   
alpha_3.2e+04 -1.9e-05  9.3e-05            0     -1.2e-06   
alpha_1e+05     -6e-06  2.9e-05            0     -3.7e-07   
alpha_3.2e+05 -1.9e-06  9.3e-06            0     -1.2e-07   
alpha_1e+06     -6e-07  2.9e-06            0     -3.7e-08   
alpha_3.2e+06 -1.9e-07  9.3e-07            0     -1.2e-08   
alpha_1e+07     -6e-08  2.9e-07            0     -3.7e-09   
alpha_3.2e+07 -1.9e-08  9.3e-08            0     -1.2e-09   
alpha_1e+08     -6e-09  2.9e-08            0     -3.7e-10   
alpha_3.2e+08 -1.9e-09  9.3e-09            0     -1.2e-10   
alpha_1e+09     -6e-10  2.9e-09            0     -3.7e-11   
alpha_3.2e+09 -1.9e-10  9.3e-10            0     -1.2e-11   
alpha_1e+10     -6e-11  2.9e-10            0     -3.7e-12   

                       ...          mag-2NN-NiMn-Aust mag-2NN-MnMn-Aust  \
alpha_1e-15            ...                          0             0.057   
alpha_3.2e-15          ...                          0             0.057   
alpha_1e-14            ...                          0             0.057   
alpha_3.2e-14          ...                          0             0.057   
alpha_1e-13            ...                          0             0.057   
alpha_3.2e-13          ...                          0             0.057   
alpha_1e-12            ...                          0             0.057   
alpha_3.2e-12          ...                          0             0.057   
alpha_1e-11            ...                          0             0.057   
alpha_3.2e-11          ...                          0             0.057   
alpha_1e-10            ...                          0             0.057   
alpha_3.2e-10          ...                          0             0.057   
alpha_1e-09            ...                          0             0.057   
alpha_3.2e-09          ...                          0             0.057   
alpha_1e-08            ...                          0             0.057   
alpha_3.2e-08          ...                          0             0.057   
alpha_1e-07            ...                          0             0.057   
alpha_3.2e-07          ...                          0             0.057   
alpha_1e-06            ...                          0             0.057   
alpha_3.2e-06          ...                          0             0.057   
alpha_1e-05            ...                          0             0.057   
alpha_3.2e-05          ...                          0             0.057   
alpha_0.0001           ...                          0             0.057   
alpha_0.00032          ...                          0             0.057   
alpha_0.001            ...                          0             0.056   
alpha_0.0032           ...                          0             0.052   
alpha_0.01             ...                          0             0.044   
alpha_0.032            ...                          0             0.029   
alpha_0.1              ...                          0             0.014   
alpha_0.32             ...                          0            0.0077   
alpha_1                ...                          0            0.0067   
alpha_3.2              ...                          0            0.0043   
alpha_10               ...                          0            0.0015   
alpha_32               ...                          0           0.00039   
alpha_1e+02            ...                          0           0.00011   
alpha_3.2e+02          ...                          0           3.1e-05   
alpha_1e+03            ...                          0           9.6e-06   
alpha_3.2e+03          ...                          0             3e-06   
alpha_1e+04            ...                          0           9.5e-07   
alpha_3.2e+04          ...                          0             3e-07   
alpha_1e+05            ...                          0           9.5e-08   
alpha_3.2e+05          ...                          0             3e-08   
alpha_1e+06            ...                          0           9.5e-09   
alpha_3.2e+06          ...                          0             3e-09   
alpha_1e+07            ...                          0           9.5e-10   
alpha_3.2e+07          ...                          0             3e-10   
alpha_1e+08            ...                          0           9.5e-11   
alpha_3.2e+08          ...                          0             3e-11   
alpha_1e+09            ...                          0           9.5e-12   
alpha_3.2e+09          ...                          0             3e-12   
alpha_1e+10            ...                          0           9.5e-13   

              mag-3NN-MnMn-Aust-IN mag-3NN-MnMn-Aust-OUT mag-3NN-MnMn-Mart-IN  \
alpha_1e-15                 0.0042                0.0042               -0.028   
alpha_3.2e-15               0.0042                0.0042               -0.028   
alpha_1e-14                 0.0042                0.0042               -0.028   
alpha_3.2e-14               0.0042                0.0042               -0.028   
alpha_1e-13                 0.0042                0.0042               -0.028   
alpha_3.2e-13               0.0042                0.0042               -0.028   
alpha_1e-12                 0.0042                0.0042               -0.028   
alpha_3.2e-12               0.0042                0.0042               -0.028   
alpha_1e-11                 0.0042                0.0042               -0.028   
alpha_3.2e-11               0.0042                0.0042               -0.028   
alpha_1e-10                 0.0042                0.0042               -0.028   
alpha_3.2e-10               0.0042                0.0042               -0.028   
alpha_1e-09                 0.0042                0.0042               -0.028   
alpha_3.2e-09               0.0042                0.0042               -0.028   
alpha_1e-08                 0.0042                0.0042               -0.028   
alpha_3.2e-08               0.0042                0.0042               -0.028   
alpha_1e-07                 0.0042                0.0042               -0.028   
alpha_3.2e-07               0.0042                0.0042               -0.028   
alpha_1e-06                 0.0042                0.0042               -0.028   
alpha_3.2e-06               0.0042                0.0042               -0.028   
alpha_1e-05                 0.0042                0.0042               -0.028   
alpha_3.2e-05               0.0042                0.0042               -0.028   
alpha_0.0001                0.0042                0.0042               -0.028   
alpha_0.00032               0.0041                0.0041               -0.028   
alpha_0.001                 0.0039                0.0039               -0.028   
alpha_0.0032                0.0034                0.0034               -0.027   
alpha_0.01                   0.002                 0.002               -0.024   
alpha_0.032               -0.00055              -0.00055                -0.02   
alpha_0.1                  -0.0034               -0.0034               -0.019   
alpha_0.32                 -0.0055               -0.0055               -0.021   
alpha_1                    -0.0067               -0.0067               -0.021   
alpha_3.2                   -0.006                -0.006               -0.016   
alpha_10                   -0.0034               -0.0034              -0.0086   
alpha_32                   -0.0014               -0.0014              -0.0034   
alpha_1e+02               -0.00048              -0.00048              -0.0012   
alpha_3.2e+02             -0.00016              -0.00016             -0.00039   
alpha_1e+03                 -5e-05                -5e-05             -0.00012   
alpha_3.2e+03             -1.6e-05              -1.6e-05               -4e-05   
alpha_1e+04                 -5e-06                -5e-06             -1.3e-05   
alpha_3.2e+04             -1.6e-06              -1.6e-06               -4e-06   
alpha_1e+05                 -5e-07                -5e-07             -1.3e-06   
alpha_3.2e+05             -1.6e-07              -1.6e-07               -4e-07   
alpha_1e+06                 -5e-08                -5e-08             -1.3e-07   
alpha_3.2e+06             -1.6e-08              -1.6e-08               -4e-08   
alpha_1e+07                 -5e-09                -5e-09             -1.3e-08   
alpha_3.2e+07             -1.6e-09              -1.6e-09               -4e-09   
alpha_1e+08                 -5e-10                -5e-10             -1.3e-09   
alpha_3.2e+08             -1.6e-10              -1.6e-10               -4e-10   
alpha_1e+09                 -5e-11                -5e-11             -1.3e-10   
alpha_3.2e+09             -1.6e-11              -1.6e-11               -4e-11   
alpha_1e+10                 -5e-12                -5e-12             -1.3e-11   

              mag-3NN-MnMn-Mart-OUT mag-3NN-NiNi-Aust-IN  \
alpha_1e-15                  -0.012               0.0071   
alpha_3.2e-15                -0.012               0.0071   
alpha_1e-14                  -0.012               0.0071   
alpha_3.2e-14                -0.012               0.0071   
alpha_1e-13                  -0.012               0.0071   
alpha_3.2e-13                -0.012               0.0071   
alpha_1e-12                  -0.012               0.0071   
alpha_3.2e-12                -0.012               0.0071   
alpha_1e-11                  -0.012               0.0071   
alpha_3.2e-11                -0.012               0.0071   
alpha_1e-10                  -0.012               0.0071   
alpha_3.2e-10                -0.012               0.0071   
alpha_1e-09                  -0.012               0.0071   
alpha_3.2e-09                -0.012               0.0071   
alpha_1e-08                  -0.012               0.0071   
alpha_3.2e-08                -0.012               0.0071   
alpha_1e-07                  -0.012               0.0071   
alpha_3.2e-07                -0.012               0.0071   
alpha_1e-06                  -0.012               0.0071   
alpha_3.2e-06                -0.012               0.0071   
alpha_1e-05                  -0.012               0.0071   
alpha_3.2e-05                -0.012               0.0071   
alpha_0.0001                 -0.012               0.0071   
alpha_0.00032                -0.012               0.0071   
alpha_0.001                  -0.011                0.007   
alpha_0.0032                 -0.011               0.0069   
alpha_0.01                  -0.0096               0.0065   
alpha_0.032                 -0.0072               0.0057   
alpha_0.1                   -0.0043               0.0048   
alpha_0.32                  -0.0017               0.0036   
alpha_1                    -3.6e-05                0.002   
alpha_3.2                   0.00034              0.00041   
alpha_10                     0.0002             -0.00015   
alpha_32                    7.4e-05             -0.00011   
alpha_1e+02                 2.5e-05             -4.1e-05   
alpha_3.2e+02               8.3e-06             -1.3e-05   
alpha_1e+03                 2.6e-06             -4.2e-06   
alpha_3.2e+03               8.4e-07             -1.3e-06   
alpha_1e+04                 2.7e-07             -4.2e-07   
alpha_3.2e+04               8.4e-08             -1.3e-07   
alpha_1e+05                 2.7e-08             -4.2e-08   
alpha_3.2e+05               8.4e-09             -1.3e-08   
alpha_1e+06                 2.7e-09             -4.2e-09   
alpha_3.2e+06               8.4e-10             -1.3e-09   
alpha_1e+07                 2.7e-10             -4.2e-10   
alpha_3.2e+07               8.4e-11             -1.3e-10   
alpha_1e+08                 2.7e-11             -4.2e-11   
alpha_3.2e+08               8.4e-12             -1.3e-11   
alpha_1e+09                 2.7e-12             -4.2e-12   
alpha_3.2e+09               8.4e-13             -1.3e-12   
alpha_1e+10                 2.7e-13             -4.2e-13   

              mag-3NN-NiNi-Aust-OUT mag-3NN-NiNi-Mart-IN mag-3NN-NiNi-Mart-OUT  
alpha_1e-15                  0.0071              -0.0022               -0.0011  
alpha_3.2e-15                0.0071              -0.0022               -0.0011  
alpha_1e-14                  0.0071              -0.0021                -0.001  
alpha_3.2e-14                0.0071              -0.0022               -0.0011  
alpha_1e-13                  0.0071              -0.0022               -0.0011  
alpha_3.2e-13                0.0071              -0.0022               -0.0011  
alpha_1e-12                  0.0071              -0.0022               -0.0011  
alpha_3.2e-12                0.0071              -0.0022               -0.0011  
alpha_1e-11                  0.0071              -0.0022               -0.0011  
alpha_3.2e-11                0.0071              -0.0022               -0.0011  
alpha_1e-10                  0.0071              -0.0022               -0.0011  
alpha_3.2e-10                0.0071              -0.0022               -0.0011  
alpha_1e-09                  0.0071              -0.0022               -0.0011  
alpha_3.2e-09                0.0071              -0.0022               -0.0011  
alpha_1e-08                  0.0071              -0.0022               -0.0011  
alpha_3.2e-08                0.0071              -0.0022               -0.0011  
alpha_1e-07                  0.0071              -0.0022               -0.0011  
alpha_3.2e-07                0.0071              -0.0022               -0.0011  
alpha_1e-06                  0.0071              -0.0022               -0.0011  
alpha_3.2e-06                0.0071              -0.0022               -0.0011  
alpha_1e-05                  0.0071              -0.0022               -0.0011  
alpha_3.2e-05                0.0071              -0.0022               -0.0011  
alpha_0.0001                 0.0071              -0.0022               -0.0011  
alpha_0.00032                0.0071              -0.0022               -0.0011  
alpha_0.001                   0.007              -0.0022               -0.0011  
alpha_0.0032                 0.0069              -0.0021                -0.001  
alpha_0.01                   0.0065              -0.0019              -0.00096  
alpha_0.032                  0.0057              -0.0018              -0.00089  
alpha_0.1                    0.0048              -0.0017              -0.00086  
alpha_0.32                   0.0036              -0.0011              -0.00055  
alpha_1                       0.002             -0.00026              -0.00013  
alpha_3.2                   0.00041             -0.00027              -0.00013  
alpha_10                   -0.00015             -0.00047              -0.00024  
alpha_32                   -0.00011             -0.00032              -0.00016  
alpha_1e+02                -4.1e-05             -0.00014              -6.9e-05  
alpha_3.2e+02              -1.3e-05             -4.9e-05              -2.5e-05  
alpha_1e+03                -4.2e-06             -1.6e-05              -8.1e-06  
alpha_3.2e+03              -1.3e-06             -5.2e-06              -2.6e-06  
alpha_1e+04                -4.2e-07             -1.6e-06              -8.2e-07  
alpha_3.2e+04              -1.3e-07             -5.2e-07              -2.6e-07  
alpha_1e+05                -4.2e-08             -1.6e-07              -8.2e-08  
alpha_3.2e+05              -1.3e-08             -5.2e-08              -2.6e-08  
alpha_1e+06                -4.2e-09             -1.6e-08              -8.2e-09  
alpha_3.2e+06              -1.3e-09             -5.2e-09              -2.6e-09  
alpha_1e+07                -4.2e-10             -1.6e-09              -8.2e-10  
alpha_3.2e+07              -1.3e-10             -5.2e-10              -2.6e-10  
alpha_1e+08                -4.2e-11             -1.6e-10              -8.2e-11  
alpha_3.2e+08              -1.3e-11             -5.2e-11              -2.6e-11  
alpha_1e+09                -4.2e-12             -1.6e-11              -8.2e-12  
alpha_3.2e+09              -1.3e-12             -5.2e-12              -2.6e-12  
alpha_1e+10                -4.2e-13             -1.6e-12              -8.2e-13  

[51 rows x 67 columns]
