NAME           PHASE  LCONST         MAG   ENERG            SUMS->
Aust_A_1       aust   6.06 6.06 6.09 sd     -91.05525589     [48.0, 0.0, 0.0, 0.0, 0.0, 0.0, 48.0, 0.0, 0.0, 0.0, 0.0, 0.0][0.0, 0.0, 0.0, 0.0, 0.0, 8.0, 0.0, 0.0, 0.0, 0.0, 0.0]
Aust_B_1       mart   5.98 5.8  6.43 sd     -90.99479599     [0.0, 32.0, 16.0, 0.0, 8.0, 8.0, 0.0, 16.0, 0.0, 0.0, 8.0, 8.0][0.0, 0.0, 0.0, 0.0, 4.0, 0.0, 0.0, 0.0, 0.0, 0.0, 0.0]
Aust_B_2       mart   6.01 6.01 6.19 sd     -90.60253471     [0.0, 32.0, 16.0, 0.0, 16.0, 0.0, 0.0, 0.0, 16.0, 0.0, 16.0, 0.0][0.0, 0.0, 0.0, 0.0, 0.0, 0.0, 8.0, 0.0, 0.0, 0.0, 0.0]
Aust_C_1       mart   5.98 5.97 6.29 sd     -90.75116214     [0.0, 32.0, 16.0, 0.0, 4.0, 4.0, 0.0, 24.0, 8.0, 0.0, 4.0, 4.0][0.0, 0.0, 0.0, 0.0, 4.0, 0.0, 0.0, 0.0, 0.0, 0.0, 0.0]
Aust_D_1       mart   5.78 5.78 6.74 sd     -90.46111502     [0.0, 32.0, 16.0, 0.0, 0.0, 8.0, 0.0, 32.0, 0.0, 0.0, 0.0, 8.0][0.0, 0.0, 0.0, 0.0, 4.0, 0.0, 0.0, 0.0, 0.0, 0.0, 0.0]
Aust_D_2       aust   6.1  6.1  6.07 sd     -90.47912529     [48.0, 0.0, 0.0, 8.0, 0.0, 0.0, 32.0, 0.0, 0.0, 8.0, 0.0, 0.0][0.0, 0.0, 0.0, 0.0, 0.0, 8.0, 0.0, 0.0, 0.0, 0.0, 0.0]
Aust_E_2       mart   5.96 5.96 6.29 sd     -90.97320551     [0.0, 32.0, 16.0, 0.0, 8.0, 4.0, 0.0, 16.0, 8.0, 0.0, 8.0, 4.0][0.0, 0.0, 0.0, 0.0, 4.0, 0.0, 0.0, 0.0, 0.0, 0.0, 0.0]
Aust_F_2       aust   6.11 6.11 6.01 sd     -90.57369077     [48.0, 0.0, 0.0, 12.0, 0.0, 0.0, 24.0, 0.0, 0.0, 12.0, 0.0, 0.0][0.0, 0.0, 0.0, 0.0, 0.0, 8.0, 0.0, 0.0, 0.0, 0.0, 0.0]
Mart_C_2       aust   6.12 6.11 6.0  sd     -90.54580111     [48.0, 0.0, 0.0, 8.0, 0.0, 0.0, 32.0, 0.0, 0.0, 8.0, 0.0, 0.0][0.0, 0.0, 0.0, 0.0, 0.0, 0.0, 0.0, 0.0, 0.0, 0.0, 0.0]
Mart_C_3       aust   6.1  6.06 6.01 sd     -89.64791551     [48.0, 0.0, 0.0, 8.0, 0.0, 0.0, 32.0, 0.0, 0.0, 8.0, 0.0, 0.0][0.0, 0.0, 0.0, 0.0, 0.0, 8.0, 0.0, 0.0, 0.0, 0.0, 0.0]
Mart_D_2       mart   6.0  6.03 6.23 sd     -90.46215669     [0.0, 32.0, 16.0, 0.0, 0.0, 8.0, 0.0, 32.0, 0.0, 0.0, 0.0, 8.0][0.0, 0.0, 0.0, 0.0, 0.0, 0.0, 8.0, 0.0, 0.0, 0.0, 0.0]
Mart_D_3       aust   6.05 6.06 6.16 sd     -90.2034177      [48.0, 0.0, 0.0, 8.0, 0.0, 0.0, 32.0, 0.0, 0.0, 8.0, 0.0, 0.0][0.0, 0.0, 0.0, 0.0, 0.0, 0.0, 0.0, 0.0, 0.0, 0.0, 0.0]
Mart_F_3       mart   6.01 5.98 6.23 sd     -90.63541669     [0.0, 32.0, 16.0, 0.0, 8.0, 4.0, 0.0, 16.0, 8.0, 0.0, 8.0, 4.0][0.0, 0.0, 0.0, 0.0, 4.0, 0.0, 0.0, 0.0, 0.0, 0.0, 0.0]
Ni2MnIn_M_OM   aust   6.06 6.06 6.06 sd     -91.36547702     [48.0, 0.0, 0.0, 0.0, 0.0, 0.0, 48.0, 0.0, 0.0, 0.0, 0.0, 0.0][0.0, 0.0, 0.0, 0.0, 0.0, 48.0, 0.0, 0.0, 0.0, 0.0, 0.0]
_NiMn          mart   5.72 5.72 6.06 sd     -116.08143991    [0.0, 32.0, 16.0, 0.0, 32.0, 16.0, 0.0, 0.0, 0.0, 0.0, 0.0, 0.0][0.0, 128.0, 0.0, 32.0, 16.0, 0.0, 32.0, 64.0, 0.0, 32.0, 16.0]
_NiMn_1        mart   5.09 5.09 7.21 sd     -117.32804306    [0.0, 32.0, 16.0, 0.0, 32.0, 16.0, 0.0, 0.0, 0.0, 0.0, 0.0, 0.0][0.0, 0.0, 0.0, 0.0, 0.0, 0.0, 16.0, 32.0, 0.0, 0.0, 0.0]
_NiMn_2        mart   5.19 5.42 6.84 sd     -116.34587955    [0.0, 32.0, 16.0, 0.0, 32.0, 16.0, 0.0, 0.0, 0.0, 0.0, 0.0, 0.0][0.0, 0.0, 0.0, 8.0, 8.0, 0.0, 0.0, 16.0, 0.0, 0.0, 0.0]
_NiMn_3        mart   5.12 5.26 7.02 sd     -116.90565122    [0.0, 32.0, 16.0, 0.0, 32.0, 16.0, 0.0, 0.0, 0.0, 0.0, 0.0, 0.0][0.0, 0.0, 0.0, 4.0, 4.0, 0.0, 8.0, 16.0, 0.0, 0.0, 0.0]
_NiMn_5        mart   5.13 5.13 7.14 sd     -115.95763608    [0.0, 32.0, 16.0, 0.0, 32.0, 16.0, 0.0, 0.0, 0.0, 0.0, 0.0, 0.0][0.0, 0.0, 0.0, 8.0, 4.0, 0.0, 8.0, 16.0, 0.0, 0.0, 0.0]
_NiMn_6        mart   5.26 5.32 6.88 sd     -116.10882451    [0.0, 32.0, 16.0, 0.0, 32.0, 16.0, 0.0, 0.0, 0.0, 0.0, 0.0, 0.0][0.0, 0.0, 0.0, 8.0, 4.0, 0.0, 8.0, 8.0, 0.0, 0.0, 0.0]
NiMn_1         aust   5.79 5.79 5.79 sd     -115.88358978    [48.0, 0.0, 0.0, 48.0, 0.0, 0.0, 0.0, 0.0, 0.0, 0.0, 0.0, 0.0][0.0, 0.0, 0.0, 0.0, 0.0, 48.0, 0.0, 0.0, 0.0, 0.0, 0.0]
NiMn_5         aust   5.8  5.8  5.8  sd     -115.93543797    [48.0, 0.0, 0.0, 48.0, 0.0, 0.0, 0.0, 0.0, 0.0, 0.0, 0.0, 0.0][0.0, 0.0, 0.0, 0.0, 0.0, 24.0, 0.0, 0.0, 0.0, 0.0, 0.0]
Aust_A_M       aust   5.98 5.98 5.98 sd     -102.93418       [48.0, 0.0, 0.0, 24.0, 0.0, 0.0, 24.0, 0.0, 0.0, 0.0, 0.0, 0.0][96.0, 0.0, 24.0, 0.0, 0.0, 48.0, 0.0, 0.0, 48.0, 0.0, 0.0]
Aust_A_1       aust   5.9  5.9  5.9  sd     -100.22711       [48.0, 0.0, 0.0, 24.0, 0.0, 0.0, 24.0, 0.0, 0.0, 0.0, 0.0, 0.0][0.0, 0.0, 0.0, 0.0, 0.0, 8.0, 0.0, 0.0, 0.0, 0.0, 0.0]
Aust_A_4       aust   5.97 5.97 5.94 sd     -102.85172       [48.0, 0.0, 0.0, 24.0, 0.0, 0.0, 24.0, 0.0, 0.0, 0.0, 0.0, 0.0][0.0, 0.0, 4.0, 0.0, 0.0, 8.0, 0.0, 0.0, 0.0, 0.0, 0.0]
Aust_B_M       aust   5.93 5.93 6.02 sd     -103.5313        [48.0, 0.0, 0.0, 24.0, 0.0, 0.0, 24.0, 0.0, 0.0, 0.0, 0.0, 0.0][96.0, 0.0, 24.0, 0.0, 0.0, 56.0, 0.0, 0.0, 48.0, 0.0, 0.0]
Aust_B_2       mart   5.41 5.41 6.92 sd     -101.71773       [0.0, 32.0, 16.0, 0.0, 16.0, 8.0, 0.0, 16.0, 8.0, 0.0, 0.0, 0.0][0.0, 0.0, 0.0, 0.0, 0.0, 0.0, 0.0, 0.0, 0.0, 0.0, 0.0]
Aust_B_3       mart   5.3  5.4  7.07 sd     -101.55633       [0.0, 32.0, 16.0, 0.0, 16.0, 8.0, 0.0, 16.0, 8.0, 0.0, 0.0, 0.0][0.0, 0.0, 0.0, 0.0, 0.0, 0.0, 0.0, 8.0, 0.0, 0.0, 0.0]
Aust_C_M       mart   5.74 5.74 6.39 sd     -103.36772       [0.0, 32.0, 16.0, 0.0, 16.0, 12.0, 0.0, 16.0, 0.0, 0.0, 0.0, 4.0][0.0, 96.0, 0.0, 16.0, 12.0, 0.0, 16.0, 32.0, 0.0, 32.0, 16.0]
Aust_C_2       mart   5.21 5.29 7.13 sd     -100.58688       [0.0, 32.0, 16.0, 0.0, 16.0, 12.0, 0.0, 16.0, 0.0, 0.0, 0.0, 4.0][0.0, 0.0, 0.0, 0.0, 4.0, 0.0, 0.0, 0.0, 0.0, 0.0, 0.0]
Aust_C_3       mart   5.49 5.58 6.8  sd     -103.30359       [0.0, 32.0, 16.0, 0.0, 20.0, 8.0, 0.0, 8.0, 8.0, 0.0, 4.0, 0.0][0.0, 0.0, 0.0, 4.0, 4.0, 0.0, 8.0, 16.0, 0.0, 0.0, 0.0]
Aust_C_4       mart   5.58 5.49 6.76 sd     -103.62754       [0.0, 32.0, 16.0, 0.0, 20.0, 8.0, 0.0, 8.0, 8.0, 0.0, 4.0, 0.0][0.0, 0.0, 0.0, 0.0, 4.0, 0.0, 8.0, 0.0, 0.0, 0.0, 0.0]
Mart_A_O       mart   5.47 5.47 6.97 sd     -103.25568       [0.0, 32.0, 16.0, 0.0, 16.0, 8.0, 0.0, 16.0, 8.0, 0.0, 0.0, 0.0][0.0, 16.0, 0.0, 0.0, 8.0, 0.0, 16.0, 0.0, 0.0, 0.0, 0.0]
Mart_A_M       mart   5.75 5.76 6.42 sd     -102.93818       [0.0, 32.0, 16.0, 0.0, 16.0, 8.0, 0.0, 16.0, 8.0, 0.0, 0.0, 0.0][0.0, 96.0, 0.0, 16.0, 8.0, 0.0, 16.0, 32.0, 0.0, 32.0, 16.0]
Mart_A_1       mart   5.34 5.34 7.08 sd     -101.26311       [0.0, 32.0, 16.0, 0.0, 16.0, 8.0, 0.0, 16.0, 8.0, 0.0, 0.0, 0.0][0.0, 0.0, 0.0, 0.0, 4.0, 0.0, 0.0, 0.0, 0.0, 0.0, 0.0]
Mart_A_2       mart   5.64 5.45 6.81 sd     -102.98725       [0.0, 32.0, 16.0, 0.0, 16.0, 8.0, 0.0, 16.0, 8.0, 0.0, 0.0, 0.0][0.0, 0.0, 0.0, 4.0, 0.0, 0.0, 0.0, 8.0, 0.0, 0.0, 0.0]
Mart_A_3       mart   5.45 5.45 7.02 sd     -103.29215       [0.0, 32.0, 16.0, 0.0, 16.0, 8.0, 0.0, 16.0, 8.0, 0.0, 0.0, 0.0][0.0, 0.0, 0.0, 0.0, 0.0, 0.0, 8.0, 16.0, 0.0, 0.0, 0.0]
Mart_B_O       mart   5.3  5.38 7.06 sd     -101.69266       [0.0, 32.0, 16.0, 0.0, 16.0, 8.0, 0.0, 16.0, 8.0, 0.0, 0.0, 0.0][0.0, 64.0, 0.0, 0.0, 0.0, 0.0, 16.0, 32.0, 0.0, 32.0, 16.0]
Mart_B_1       mart   5.43 5.44 7.02 sd     -103.59661       [0.0, 32.0, 16.0, 0.0, 16.0, 8.0, 0.0, 16.0, 8.0, 0.0, 0.0, 0.0][0.0, 0.0, 0.0, 0.0, 0.0, 0.0, 8.0, 16.0, 0.0, 0.0, 0.0]
Mart_B_2       mart   5.48 5.43 6.92 sd     -102.1402        [0.0, 32.0, 16.0, 0.0, 16.0, 8.0, 0.0, 16.0, 8.0, 0.0, 0.0, 0.0][0.0, 0.0, 0.0, 4.0, 4.0, 0.0, 0.0, 8.0, 0.0, 0.0, 0.0]
Mart_B_3       mart   5.19 5.22 7.24 sd     -99.947035       [0.0, 32.0, 16.0, 0.0, 16.0, 8.0, 0.0, 16.0, 8.0, 0.0, 0.0, 0.0][0.0, 0.0, 0.0, 0.0, 0.0, 0.0, 0.0, 0.0, 0.0, 0.0, 0.0]
Mart_B_4       mart   5.32 5.33 7.11 sd     -101.70129       [0.0, 32.0, 16.0, 0.0, 16.0, 8.0, 0.0, 16.0, 8.0, 0.0, 0.0, 0.0][0.0, 0.0, 0.0, 0.0, 4.0, 0.0, 0.0, 0.0, 0.0, 0.0, 0.0]
Mart_C_O       mart   5.49 5.49 6.87 sd     -103.96595       [0.0, 32.0, 16.0, 0.0, 16.0, 12.0, 0.0, 16.0, 0.0, 0.0, 0.0, 4.0][0.0, 0.0, 0.0, 0.0, 8.0, 0.0, 16.0, 0.0, 0.0, 0.0, 0.0]
Mart_C_M       mart   5.4  5.4  6.95 sd     -101.92844       [0.0, 32.0, 16.0, 0.0, 16.0, 12.0, 0.0, 16.0, 0.0, 0.0, 0.0, 4.0][0.0, 64.0, 0.0, 0.0, 8.0, 0.0, 16.0, 0.0, 0.0, 32.0, 16.0]
Mart_C_2       mart   5.53 5.44 6.85 sd     -102.59285       [0.0, 32.0, 16.0, 0.0, 16.0, 12.0, 0.0, 16.0, 0.0, 0.0, 0.0, 4.0][0.0, 0.0, 0.0, 0.0, 4.0, 0.0, 0.0, 0.0, 0.0, 0.0, 0.0]
Mart_C_3       mart   5.63 5.51 6.73 sd     -103.58134       [0.0, 32.0, 16.0, 0.0, 16.0, 12.0, 0.0, 16.0, 0.0, 0.0, 0.0, 4.0][0.0, 0.0, 0.0, 0.0, 4.0, 0.0, 8.0, 0.0, 0.0, 0.0, 0.0]
Mart_C_4       mart   5.36 5.36 7.05 sd     -101.58784       [0.0, 32.0, 16.0, 0.0, 16.0, 12.0, 0.0, 16.0, 0.0, 0.0, 0.0, 4.0][0.0, 0.0, 0.0, 0.0, 0.0, 0.0, 0.0, 0.0, 0.0, 0.0, 0.0]
NiMn           aust   5.84 5.84 5.84 sd     -116.069182      [48.0, 0.0, 0.0, 48.0, 0.0, 0.0, 0.0, 0.0, 0.0, 0.0, 0.0, 0.0][128.0, 0.0, 48.0, 0.0, 0.0, 96.0, 0.0, 0.0, 48.0, 0.0, 0.0]
_NiMn_1        mart   5.11 5.11 7.16 sd     -118.2737173     [0.0, 32.0, 16.0, 0.0, 32.0, 16.0, 0.0, 0.0, 0.0, 0.0, 0.0, 0.0][0.0, 0.0, 0.0, 0.0, 8.0, 0.0, 16.0, 0.0, 0.0, 0.0, 0.0]
