Temp  H_avg  mag_avg  mag2_avg  phase_avg  phase2_avg
760  -7.25027658516  -0.38151041666666674  0.828125  -1.0  1.0
770  -7.24911883331  -0.41015624999999994  0.828125  1.0  1.0
780  -7.24396887867  -0.3971354166666665  0.8359375  1.0  1.0
790  -7.24870584576  -0.43359374999999983  0.828125  1.0  1.0
800  -7.23640786416  -0.3906249999999999  0.8359375  -1.0  1.0
810  -7.21851345824  -0.03255208333333333  0.7109375  0.0  0.0
820  -7.20948412933  -0.039062500000000014  0.640625  0.0  0.0
830  -7.21390622047  0.027343749999999997  0.625  0.0  0.0
840  -7.21965067604  -0.09635416666666669  0.6953125  0.0  0.0
850  -7.22249747426  -0.04687500000000001  0.6953125  0.0  0.0
860  -7.22409972611  -0.053385416666666664  0.7265625  0.0  0.0
870  -7.20897459385  -0.04817708333333334  0.6171875  0.0  0.0
880  -7.22511190409  -0.05338541666666668  0.65625  0.0  0.0
890  -7.21540994418  -0.04817708333333333  0.6171875  0.0  0.0
900  -7.21181507038  -0.06901041666666669  0.6640625  0.0  0.0
910  -7.21873051519  -0.03906249999999998  0.7421875  0.0  0.0
920  -7.21570100947  -0.04557291666666668  0.6640625  0.0  0.0
930  -7.21901707276  -0.024739583333333308  0.7109375  0.0  0.0
940  -7.21426895932  -0.02864583333333333  0.65625  0.0  0.0
950  -7.21487966405  0.005208333333333329  0.6875  0.0  0.0
