NAME           PHASE  LCONST         MAG   ENERG            SUMS->
Aust_A_1       aust   6.06 6.06 6.09 sd     -91.05525589     [8.0, 4.0, 4.0, 0.0, 0.0, 0.0, 0.0, 0.0, 0.0, 0.0, 0.0, 0.0, 0.0, 32.0, 32.0, 0.0, 0.0, 0.0, 0.0, 0.0, 0.0, 0.0, 0.0, 0.0, 0.0, 0.0, 0.0, 0.0, 0.0, 0.0, 48.0, 0.0, 0.0, 0.0, 24.0, 0.0, 48.0, 48.0, 0.0, 0.0, 0.0, 0.0][0.0, 0.0, 0.0, 0.0, 0.0, 0.0, 0.0, 0.0, 0.0, 0.0, 0.0, 0.0, 0.0, 0.0, 0.0, -16.0, 0.0, 0.0]
Aust_B_1       mart   5.98 5.8  6.43 afm    -90.99479599     [0.0, 0.0, 0.0, 8.0, 4.0, 4.0, 0.0, 32.0, 32.0, 0.0, 0.0, 0.0, 0.0, 0.0, 0.0, 0.0, 0.0, 0.0, 32.0, 0.0, 0.0, 8.0, 8.0, 8.0, 16.0, 0.0, 0.0, 8.0, 0.0, 8.0, 0.0, 0.0, 0.0, 0.0, 0.0, 0.0, 0.0, 0.0, 0.0, 16.0, 0.0, 16.0][0.0, 0.0, 0.0, 0.0, 0.0, 0.0, 0.0, 0.0, -8.0, 0.0, 0.0, 8.0, 0.0, 0.0, 0.0, 0.0, 0.0, -16.0]
Aust_B_Z       mart   6.01 6.01 6.19 afm    -90.60253471     [0.0, 0.0, 0.0, 8.0, 4.0, 4.0, 0.0, 32.0, 32.0, 0.0, 0.0, 0.0, 0.0, 0.0, 0.0, 0.0, 0.0, 0.0, 32.0, 0.0, 0.0, 16.0, 0.0, 16.0, 16.0, 0.0, 0.0, 0.0, 8.0, 0.0, 0.0, 0.0, 0.0, 0.0, 0.0, 0.0, 0.0, 0.0, 16.0, 0.0, 16.0, 0.0][0.0, 0.0, 0.0, 0.0, 0.0, 0.0, 0.0, 0.0, -16.0, 0.0, 0.0, 0.0, 0.0, 0.0, 0.0, 0.0, 16.0, 0.0]
Aust_C_1       mart   5.98 5.97 6.29 afm    -90.75116214     [0.0, 0.0, 0.0, 8.0, 4.0, 4.0, 0.0, 32.0, 32.0, 0.0, 0.0, 0.0, 0.0, 0.0, 0.0, 0.0, 0.0, 0.0, 32.0, 0.0, 0.0, 4.0, 12.0, 4.0, 16.0, 0.0, 0.0, 4.0, 4.0, 4.0, 0.0, 0.0, 0.0, 0.0, 0.0, 0.0, 0.0, 0.0, 8.0, 16.0, 8.0, 16.0][0.0, 0.0, 0.0, 0.0, 0.0, 0.0, 0.0, 0.0, -4.0, 0.0, 0.0, 4.0, 0.0, 0.0, 0.0, 0.0, -8.0, 0.0]
Aust_D_1       mart   5.78 5.78 6.74 afm    -90.46111502     [0.0, 0.0, 0.0, 8.0, 4.0, 4.0, 0.0, 32.0, 32.0, 0.0, 0.0, 0.0, 0.0, 0.0, 0.0, 0.0, 0.0, 0.0, 32.0, 0.0, 0.0, 0.0, 16.0, 0.0, 16.0, 0.0, 0.0, 8.0, 0.0, 8.0, 0.0, 0.0, 0.0, 0.0, 0.0, 0.0, 0.0, 0.0, 16.0, 0.0, 16.0, 0.0][0.0, 0.0, 0.0, 0.0, 0.0, 0.0, 0.0, 0.0, 0.0, 0.0, 0.0, 8.0, 0.0, 0.0, 0.0, 0.0, -16.0, 0.0]
Aust_D_2       aust   6.1  6.1  6.07 afm    -90.47912529     [8.0, 4.0, 4.0, 0.0, 0.0, 0.0, 0.0, 0.0, 0.0, 0.0, 0.0, 0.0, 0.0, 32.0, 32.0, 0.0, 0.0, 0.0, 0.0, 0.0, 0.0, 0.0, 0.0, 0.0, 0.0, 0.0, 0.0, 0.0, 0.0, 0.0, 48.0, 0.0, 0.0, 8.0, 16.0, 8.0, 16.0, 16.0, 0.0, 0.0, 0.0, 0.0][0.0, 0.0, 0.0, 0.0, 0.0, 0.0, 0.0, 0.0, 0.0, 0.0, 0.0, 0.0, 0.0, 0.0, -8.0, 16.0, 0.0, 0.0]
Aust_E_2       mart   5.96 5.96 6.29 afm    -90.97320551     [0.0, 0.0, 0.0, 8.0, 4.0, 4.0, 0.0, 32.0, 32.0, 0.0, 0.0, 0.0, 0.0, 0.0, 0.0, 0.0, 0.0, 0.0, 32.0, 0.0, 0.0, 8.0, 8.0, 8.0, 16.0, 0.0, 0.0, 4.0, 4.0, 4.0, 0.0, 0.0, 0.0, 0.0, 0.0, 0.0, 0.0, 0.0, 8.0, 16.0, 8.0, 16.0][0.0, 0.0, 0.0, 0.0, 0.0, 0.0, 0.0, 0.0, -8.0, 0.0, 0.0, 4.0, 0.0, 0.0, 0.0, 0.0, 8.0, -16.0]
Mart_D_2       mart   6.0  6.03 6.23 afm    -90.46215669     [0.0, 0.0, 0.0, 8.0, 4.0, 4.0, 0.0, 32.0, 32.0, 0.0, 0.0, 0.0, 0.0, 0.0, 0.0, 0.0, 0.0, 0.0, 32.0, 0.0, 0.0, 0.0, 16.0, 0.0, 16.0, 0.0, 0.0, 8.0, 0.0, 8.0, 0.0, 0.0, 0.0, 0.0, 0.0, 0.0, 0.0, 0.0, 16.0, 0.0, 16.0, 0.0][0.0, 0.0, 0.0, 0.0, 0.0, 0.0, 0.0, 0.0, 0.0, 0.0, 0.0, -8.0, 0.0, 0.0, 0.0, 0.0, 16.0, 0.0]
Mart_D_3       mart   6.05 6.06 6.16 afm    -90.2034177      [0.0, 0.0, 0.0, 8.0, 4.0, 4.0, 0.0, 32.0, 32.0, 0.0, 0.0, 0.0, 0.0, 0.0, 0.0, 0.0, 0.0, 0.0, 32.0, 0.0, 0.0, 0.0, 16.0, 0.0, 16.0, 0.0, 0.0, 8.0, 0.0, 8.0, 0.0, 0.0, 0.0, 0.0, 0.0, 0.0, 0.0, 0.0, 16.0, 0.0, 16.0, 0.0][0.0, 0.0, 0.0, 0.0, 0.0, 0.0, 0.0, 0.0, 0.0, 0.0, 0.0, -8.0, 0.0, 0.0, 0.0, 0.0, -16.0, 0.0]
Mart_F_3       mart   6.01 5.98 6.23 afm    -90.63541669     [0.0, 0.0, 0.0, 8.0, 4.0, 4.0, 0.0, 32.0, 32.0, 0.0, 0.0, 0.0, 0.0, 0.0, 0.0, 0.0, 0.0, 0.0, 32.0, 0.0, 0.0, 8.0, 8.0, 8.0, 16.0, 0.0, 0.0, 4.0, 4.0, 4.0, 0.0, 0.0, 0.0, 0.0, 0.0, 0.0, 0.0, 0.0, 0.0, 16.0, 0.0, 16.0][0.0, 0.0, 0.0, 0.0, 0.0, 0.0, 0.0, 0.0, -8.0, 0.0, 0.0, 4.0, 0.0, 0.0, 0.0, 0.0, 0.0, -16.0]
Ni2MnIn_M_OM   aust   6.06 6.06 6.06 fm     -91.36547702     [8.0, 4.0, 4.0, 0.0, 0.0, 0.0, 0.0, 0.0, 0.0, 0.0, 0.0, 0.0, 0.0, 32.0, 32.0, 0.0, 0.0, 0.0, 0.0, 0.0, 0.0, 0.0, 0.0, 0.0, 0.0, 0.0, 0.0, 0.0, 0.0, 0.0, 48.0, 0.0, 0.0, 0.0, 24.0, 0.0, 48.0, 48.0, 0.0, 0.0, 0.0, 0.0][0.0, 0.0, 0.0, 0.0, 32.0, 0.0, 0.0, 0.0, 0.0, 0.0, 0.0, 0.0, 48.0, 0.0, 0.0, 48.0, 0.0, 0.0]
_NiMn          mart   5.72 5.72 6.06 fm     -116.08143991    [0.0, 0.0, 0.0, 8.0, 8.0, 0.0, 0.0, 64.0, 0.0, 0.0, 0.0, 0.0, 0.0, 0.0, 0.0, 0.0, 0.0, 0.0, 32.0, 0.0, 0.0, 32.0, 0.0, 0.0, 16.0, 0.0, 0.0, 16.0, 0.0, 0.0, 0.0, 0.0, 0.0, 0.0, 0.0, 0.0, 0.0, 0.0, 32.0, 64.0, 32.0, 64.0][0.0, 64.0, 0.0, 0.0, 0.0, 0.0, 32.0, 0.0, 32.0, 16.0, 0.0, 16.0, 0.0, 0.0, 0.0, 0.0, 32.0, 64.0]
_NiMn_1        mart   5.09 5.09 7.21 afm    -117.32804306    [0.0, 0.0, 0.0, 8.0, 8.0, 0.0, 0.0, 64.0, 0.0, 0.0, 0.0, 0.0, 0.0, 0.0, 0.0, 0.0, 0.0, 0.0, 32.0, 0.0, 0.0, 32.0, 0.0, 0.0, 16.0, 0.0, 0.0, 16.0, 0.0, 0.0, 0.0, 0.0, 0.0, 0.0, 0.0, 0.0, 0.0, 0.0, 32.0, 64.0, 32.0, 64.0][0.0, 0.0, 0.0, 0.0, 0.0, 0.0, 0.0, 0.0, -32.0, 0.0, 0.0, -16.0, 0.0, 0.0, 0.0, 0.0, 32.0, 64.0]
_NiMn_2        mart   5.19 5.42 6.84 afm    -116.34587955    [0.0, 0.0, 0.0, 8.0, 8.0, 0.0, 0.0, 64.0, 0.0, 0.0, 0.0, 0.0, 0.0, 0.0, 0.0, 0.0, 0.0, 0.0, 32.0, 0.0, 0.0, 32.0, 0.0, 0.0, 16.0, 0.0, 0.0, 16.0, 0.0, 0.0, 0.0, 0.0, 0.0, 0.0, 0.0, 0.0, 0.0, 0.0, 32.0, 64.0, 32.0, 64.0][0.0, 0.0, 0.0, 0.0, 0.0, 0.0, 0.0, 0.0, 0.0, 0.0, 0.0, 16.0, 0.0, 0.0, 0.0, 0.0, -32.0, 0.0]
_NiMn_3        mart   5.12 5.26 7.02 sd     -116.90565122    [0.0, 0.0, 0.0, 8.0, 8.0, 0.0, 0.0, 64.0, 0.0, 0.0, 0.0, 0.0, 0.0, 0.0, 0.0, 0.0, 0.0, 0.0, 32.0, 0.0, 0.0, 32.0, 0.0, 0.0, 16.0, 0.0, 0.0, 16.0, 0.0, 0.0, 0.0, 0.0, 0.0, 0.0, 0.0, 0.0, 0.0, 0.0, 32.0, 64.0, 32.0, 64.0][0.0, 0.0, 0.0, 0.0, 0.0, 0.0, 0.0, 0.0, -16.0, 0.0, 0.0, 0.0, 0.0, 0.0, 0.0, 0.0, 0.0, 0.0]
_NiMn_5        mart   5.13 5.13 7.14 sd     -115.95763608    [0.0, 0.0, 0.0, 8.0, 8.0, 0.0, 0.0, 64.0, 0.0, 0.0, 0.0, 0.0, 0.0, 0.0, 0.0, 0.0, 0.0, 0.0, 32.0, 0.0, 0.0, 32.0, 0.0, 0.0, 16.0, 0.0, 0.0, 16.0, 0.0, 0.0, 0.0, 0.0, 0.0, 0.0, 0.0, 0.0, 0.0, 0.0, 32.0, 64.0, 32.0, 64.0][0.0, 0.0, 0.0, 0.0, 0.0, 0.0, 0.0, 0.0, 0.0, 0.0, 0.0, 0.0, 0.0, 0.0, 0.0, 0.0, 0.0, 0.0]
_NiMn_6        mart   5.26 5.32 6.88 sd     -116.10882451    [0.0, 0.0, 0.0, 8.0, 8.0, 0.0, 0.0, 64.0, 0.0, 0.0, 0.0, 0.0, 0.0, 0.0, 0.0, 0.0, 0.0, 0.0, 32.0, 0.0, 0.0, 32.0, 0.0, 0.0, 16.0, 0.0, 0.0, 16.0, 0.0, 0.0, 0.0, 0.0, 0.0, 0.0, 0.0, 0.0, 0.0, 0.0, 32.0, 64.0, 32.0, 64.0][0.0, 0.0, 0.0, 0.0, 0.0, 0.0, 0.0, 0.0, 0.0, 0.0, 0.0, 0.0, 0.0, 0.0, 0.0, 0.0, 0.0, -32.0]
NiMn_1         aust   5.79 5.79 5.79 afm    -115.88358978    [8.0, 8.0, 0.0, 0.0, 0.0, 0.0, 0.0, 0.0, 0.0, 0.0, 0.0, 0.0, 0.0, 64.0, 0.0, 0.0, 0.0, 0.0, 0.0, 0.0, 0.0, 0.0, 0.0, 0.0, 0.0, 0.0, 0.0, 0.0, 0.0, 0.0, 48.0, 0.0, 0.0, 48.0, 0.0, 0.0, 96.0, 96.0, 0.0, 0.0, 0.0, 0.0][0.0, 0.0, 0.0, 0.0, 0.0, 0.0, 0.0, 0.0, 0.0, 0.0, 0.0, 0.0, 0.0, 0.0, -48.0, 96.0, 0.0, 0.0]
NiMn_5         aust   5.8  5.8  5.8  sd     -115.93543797    [8.0, 8.0, 0.0, 0.0, 0.0, 0.0, 0.0, 0.0, 0.0, 0.0, 0.0, 0.0, 0.0, 64.0, 0.0, 0.0, 0.0, 0.0, 0.0, 0.0, 0.0, 0.0, 0.0, 0.0, 0.0, 0.0, 0.0, 0.0, 0.0, 0.0, 48.0, 0.0, 0.0, 48.0, 0.0, 0.0, 96.0, 96.0, 0.0, 0.0, 0.0, 0.0][0.0, 0.0, 0.0, 0.0, 16.0, 0.0, 0.0, 0.0, 0.0, 0.0, 0.0, 0.0, 48.0, 0.0, -24.0, 48.0, 0.0, 0.0]
Aust_A_M       aust   5.98 5.98 5.98 fm     -102.93418       [8.0, 6.0, 2.0, 0.0, 0.0, 0.0, 0.0, 0.0, 0.0, 0.0, 0.0, 0.0, 0.0, 48.0, 16.0, 0.0, 0.0, 0.0, 0.0, 0.0, 0.0, 0.0, 0.0, 0.0, 0.0, 0.0, 0.0, 0.0, 0.0, 0.0, 48.0, 0.0, 0.0, 24.0, 12.0, 0.0, 48.0, 48.0, 0.0, 0.0, 0.0, 0.0][0.0, 0.0, 0.0, 0.0, 48.0, 0.0, 0.0, 0.0, 0.0, 0.0, 0.0, 0.0, 48.0, 0.0, 24.0, 48.0, 0.0, 0.0]
Aust_A_1       aust   5.9  5.9  5.9  sd     -100.22711       [8.0, 6.0, 2.0, 0.0, 0.0, 0.0, 0.0, 0.0, 0.0, 0.0, 0.0, 0.0, 0.0, 48.0, 16.0, 0.0, 0.0, 0.0, 0.0, 0.0, 0.0, 0.0, 0.0, 0.0, 0.0, 0.0, 0.0, 0.0, 0.0, 0.0, 48.0, 0.0, 0.0, 24.0, 12.0, 0.0, 48.0, 48.0, 0.0, 0.0, 0.0, 0.0][0.0, 0.0, 0.0, 0.0, 0.0, 0.0, 0.0, 0.0, 0.0, 0.0, 0.0, 0.0, 0.0, 0.0, -8.0, 16.0, 0.0, 0.0]
Aust_A_4       aust   5.97 5.97 5.94 sd     -102.85172       [8.0, 6.0, 2.0, 0.0, 0.0, 0.0, 0.0, 0.0, 0.0, 0.0, 0.0, 0.0, 0.0, 48.0, 16.0, 0.0, 0.0, 0.0, 0.0, 0.0, 0.0, 0.0, 0.0, 0.0, 0.0, 0.0, 0.0, 0.0, 0.0, 0.0, 48.0, 0.0, 0.0, 24.0, 12.0, 0.0, 48.0, 48.0, 0.0, 0.0, 0.0, 0.0][0.0, 0.0, 0.0, 0.0, 0.0, 0.0, 0.0, 0.0, 0.0, 0.0, 0.0, 0.0, 0.0, 0.0, -8.0, -16.0, 0.0, 0.0]
Aust_B_M       mart   5.93 5.93 6.02 fm     -103.5313        [0.0, 0.0, 0.0, 8.0, 6.0, 2.0, 0.0, 48.0, 16.0, 0.0, 0.0, 0.0, 0.0, 0.0, 0.0, 0.0, 0.0, 0.0, 32.0, 0.0, 0.0, 16.0, 8.0, 0.0, 16.0, 0.0, 0.0, 8.0, 4.0, 0.0, 0.0, 0.0, 0.0, 0.0, 0.0, 0.0, 0.0, 0.0, 24.0, 32.0, 24.0, 32.0][0.0, 48.0, 0.0, 0.0, 0.0, 0.0, 32.0, 0.0, 16.0, 16.0, 0.0, 8.0, 0.0, 0.0, 0.0, 0.0, 24.0, 32.0]
Aust_B_2       mart   5.41 5.41 6.92 sd     -101.71773       [0.0, 0.0, 0.0, 8.0, 6.0, 2.0, 0.0, 48.0, 16.0, 0.0, 0.0, 0.0, 0.0, 0.0, 0.0, 0.0, 0.0, 0.0, 32.0, 0.0, 0.0, 16.0, 8.0, 0.0, 16.0, 0.0, 0.0, 8.0, 4.0, 0.0, 0.0, 0.0, 0.0, 0.0, 0.0, 0.0, 0.0, 0.0, 24.0, 32.0, 24.0, 32.0][0.0, 32.0, 0.0, 0.0, 0.0, 0.0, 32.0, 0.0, 0.0, 16.0, 0.0, 8.0, 0.0, 0.0, 0.0, 0.0, 16.0, 0.0]
Aust_B_3       mart   5.3  5.4  7.07 afm    -101.55633       [0.0, 0.0, 0.0, 8.0, 6.0, 2.0, 0.0, 48.0, 16.0, 0.0, 0.0, 0.0, 0.0, 0.0, 0.0, 0.0, 0.0, 0.0, 32.0, 0.0, 0.0, 16.0, 8.0, 0.0, 16.0, 0.0, 0.0, 8.0, 4.0, 0.0, 0.0, 0.0, 0.0, 0.0, 0.0, 0.0, 0.0, 0.0, 16.0, 40.0, 16.0, 40.0][0.0, 0.0, 0.0, 0.0, 0.0, 0.0, 0.0, 0.0, 0.0, 0.0, 0.0, 0.0, 0.0, 0.0, 0.0, 0.0, -16.0, 0.0]
Aust_C_M       mart   5.74 5.74 6.39 fm     -103.36772       [0.0, 0.0, 0.0, 8.0, 6.0, 2.0, 0.0, 48.0, 16.0, 0.0, 0.0, 0.0, 0.0, 0.0, 0.0, 0.0, 0.0, 0.0, 32.0, 0.0, 0.0, 16.0, 8.0, 0.0, 16.0, 0.0, 0.0, 12.0, 0.0, 4.0, 0.0, 0.0, 0.0, 0.0, 0.0, 0.0, 0.0, 0.0, 16.0, 32.0, 16.0, 32.0][0.0, 48.0, 0.0, 0.0, 0.0, 0.0, 32.0, 0.0, 16.0, 16.0, 0.0, 12.0, 0.0, 0.0, 0.0, 0.0, 16.0, 32.0]
Aust_C_2       mart   5.21 5.29 7.13 sd     -100.58688       [0.0, 0.0, 0.0, 8.0, 6.0, 2.0, 0.0, 48.0, 16.0, 0.0, 0.0, 0.0, 0.0, 0.0, 0.0, 0.0, 0.0, 0.0, 32.0, 0.0, 0.0, 16.0, 8.0, 0.0, 16.0, 0.0, 0.0, 12.0, 0.0, 4.0, 0.0, 0.0, 0.0, 0.0, 0.0, 0.0, 0.0, 0.0, 16.0, 32.0, 16.0, 32.0][0.0, 16.0, 0.0, 0.0, 0.0, 0.0, 32.0, 0.0, 0.0, 16.0, 0.0, 4.0, 0.0, 0.0, 0.0, 0.0, 0.0, 0.0]
Aust_C_3       mart   5.49 5.58 6.8  sd     -103.30359       [0.0, 0.0, 0.0, 8.0, 6.0, 2.0, 0.0, 48.0, 16.0, 0.0, 0.0, 0.0, 0.0, 0.0, 0.0, 0.0, 0.0, 0.0, 32.0, 0.0, 0.0, 20.0, 4.0, 4.0, 16.0, 0.0, 0.0, 8.0, 4.0, 0.0, 0.0, 0.0, 0.0, 0.0, 0.0, 0.0, 0.0, 0.0, 16.0, 32.0, 16.0, 32.0][0.0, 16.0, 0.0, 0.0, 0.0, 0.0, 32.0, 0.0, -12.0, 16.0, 0.0, 0.0, 0.0, 0.0, 0.0, 0.0, 16.0, 0.0]
Aust_C_4       mart   5.58 5.49 6.76 afm    -103.62754       [0.0, 0.0, 0.0, 8.0, 6.0, 2.0, 0.0, 48.0, 16.0, 0.0, 0.0, 0.0, 0.0, 0.0, 0.0, 0.0, 0.0, 0.0, 32.0, 0.0, 0.0, 20.0, 4.0, 4.0, 16.0, 0.0, 0.0, 8.0, 4.0, 0.0, 0.0, 0.0, 0.0, 0.0, 0.0, 0.0, 0.0, 0.0, 16.0, 32.0, 16.0, 32.0][0.0, 0.0, 0.0, 0.0, 0.0, 0.0, 0.0, 0.0, -20.0, 0.0, 0.0, 8.0, 0.0, 0.0, 0.0, 0.0, 16.0, -32.0]
Mart_A_O       mart   5.47 5.47 6.97 afm    -103.25568       [0.0, 0.0, 0.0, 8.0, 6.0, 2.0, 0.0, 48.0, 16.0, 0.0, 0.0, 0.0, 0.0, 0.0, 0.0, 0.0, 0.0, 0.0, 32.0, 0.0, 0.0, 16.0, 8.0, 0.0, 16.0, 0.0, 0.0, 8.0, 4.0, 0.0, 0.0, 0.0, 0.0, 0.0, 0.0, 0.0, 0.0, 0.0, 16.0, 32.0, 16.0, 32.0][0.0, 16.0, 0.0, 0.0, 0.0, 0.0, 32.0, 0.0, -16.0, 16.0, 0.0, 8.0, 0.0, 0.0, 0.0, 0.0, 16.0, -32.0]
Mart_A_M       mart   5.75 5.76 6.42 fm     -102.93818       [0.0, 0.0, 0.0, 8.0, 6.0, 2.0, 0.0, 48.0, 16.0, 0.0, 0.0, 0.0, 0.0, 0.0, 0.0, 0.0, 0.0, 0.0, 32.0, 0.0, 0.0, 16.0, 8.0, 0.0, 16.0, 0.0, 0.0, 8.0, 4.0, 0.0, 0.0, 0.0, 0.0, 0.0, 0.0, 0.0, 0.0, 0.0, 16.0, 32.0, 16.0, 32.0][0.0, 48.0, 0.0, 0.0, 0.0, 0.0, 32.0, 0.0, 16.0, 16.0, 0.0, 8.0, 0.0, 0.0, 0.0, 0.0, 16.0, 32.0]
Mart_A_1       mart   5.34 5.34 7.08 afm    -101.26311       [0.0, 0.0, 0.0, 8.0, 6.0, 2.0, 0.0, 48.0, 16.0, 0.0, 0.0, 0.0, 0.0, 0.0, 0.0, 0.0, 0.0, 0.0, 32.0, 0.0, 0.0, 16.0, 8.0, 0.0, 16.0, 0.0, 0.0, 8.0, 4.0, 0.0, 0.0, 0.0, 0.0, 0.0, 0.0, 0.0, 0.0, 0.0, 16.0, 32.0, 16.0, 32.0][0.0, 0.0, 0.0, 0.0, 0.0, 0.0, 0.0, 0.0, 0.0, 0.0, 0.0, 8.0, 0.0, 0.0, 0.0, 0.0, -16.0, 0.0]
Mart_A_2       mart   5.64 5.45 6.81 sd     -102.98725       [0.0, 0.0, 0.0, 8.0, 6.0, 2.0, 0.0, 48.0, 16.0, 0.0, 0.0, 0.0, 0.0, 0.0, 0.0, 0.0, 0.0, 0.0, 32.0, 0.0, 0.0, 16.0, 8.0, 0.0, 16.0, 0.0, 0.0, 8.0, 4.0, 0.0, 0.0, 0.0, 0.0, 0.0, 0.0, 0.0, 0.0, 0.0, 16.0, 32.0, 16.0, 32.0][0.0, 0.0, 0.0, 0.0, 0.0, 0.0, 0.0, 0.0, -8.0, 0.0, 0.0, 0.0, 0.0, 0.0, 0.0, 0.0, 0.0, -16.0]
Mart_A_3       mart   5.45 5.45 7.02 afm    -103.29215       [0.0, 0.0, 0.0, 8.0, 6.0, 2.0, 0.0, 48.0, 16.0, 0.0, 0.0, 0.0, 0.0, 0.0, 0.0, 0.0, 0.0, 0.0, 32.0, 0.0, 0.0, 16.0, 8.0, 0.0, 16.0, 0.0, 0.0, 8.0, 4.0, 0.0, 0.0, 0.0, 0.0, 0.0, 0.0, 0.0, 0.0, 0.0, 16.0, 32.0, 16.0, 32.0][0.0, 0.0, 0.0, 0.0, 0.0, 0.0, 0.0, 0.0, -16.0, 0.0, 0.0, -8.0, 0.0, 0.0, 0.0, 0.0, 16.0, 32.0]
Mart_B_O       mart   5.3  5.38 7.06 sd     -101.69266       [0.0, 0.0, 0.0, 8.0, 6.0, 2.0, 0.0, 48.0, 16.0, 0.0, 0.0, 0.0, 0.0, 0.0, 0.0, 0.0, 0.0, 0.0, 32.0, 0.0, 0.0, 16.0, 8.0, 0.0, 16.0, 0.0, 0.0, 8.0, 4.0, 0.0, 0.0, 0.0, 0.0, 0.0, 0.0, 0.0, 0.0, 0.0, 16.0, 40.0, 16.0, 40.0][0.0, 32.0, 0.0, 0.0, 0.0, 0.0, 32.0, 0.0, 0.0, 16.0, 0.0, 0.0, 0.0, 0.0, 0.0, 0.0, 16.0, 32.0]
Mart_B_1       mart   5.43 5.44 7.02 afm    -103.59661       [0.0, 0.0, 0.0, 8.0, 6.0, 2.0, 0.0, 48.0, 16.0, 0.0, 0.0, 0.0, 0.0, 0.0, 0.0, 0.0, 0.0, 0.0, 32.0, 0.0, 0.0, 16.0, 8.0, 0.0, 16.0, 0.0, 0.0, 8.0, 4.0, 0.0, 0.0, 0.0, 0.0, 0.0, 0.0, 0.0, 0.0, 0.0, 24.0, 32.0, 24.0, 32.0][0.0, 0.0, 0.0, 0.0, 0.0, 0.0, 0.0, 0.0, -16.0, 0.0, 0.0, 0.0, 0.0, 0.0, 0.0, 0.0, 8.0, 0.0]
Mart_B_2       mart   5.48 5.43 6.92 sd     -102.1402        [0.0, 0.0, 0.0, 8.0, 6.0, 2.0, 0.0, 48.0, 16.0, 0.0, 0.0, 0.0, 0.0, 0.0, 0.0, 0.0, 0.0, 0.0, 32.0, 0.0, 0.0, 16.0, 8.0, 0.0, 16.0, 0.0, 0.0, 8.0, 4.0, 0.0, 0.0, 0.0, 0.0, 0.0, 0.0, 0.0, 0.0, 0.0, 16.0, 40.0, 16.0, 40.0][0.0, 8.0, 0.0, 0.0, 0.0, 0.0, 32.0, 0.0, -4.0, 16.0, 0.0, 0.0, 0.0, 0.0, 0.0, 0.0, -8.0, -8.0]
Mart_B_3       mart   5.19 5.22 7.24 sd     -99.947035       [0.0, 0.0, 0.0, 8.0, 6.0, 2.0, 0.0, 48.0, 16.0, 0.0, 0.0, 0.0, 0.0, 0.0, 0.0, 0.0, 0.0, 0.0, 32.0, 0.0, 0.0, 16.0, 8.0, 0.0, 16.0, 0.0, 0.0, 8.0, 4.0, 0.0, 0.0, 0.0, 0.0, 0.0, 0.0, 0.0, 0.0, 0.0, 16.0, 40.0, 16.0, 40.0][0.0, 0.0, 0.0, 0.0, 0.0, 0.0, 0.0, 0.0, 0.0, 0.0, 0.0, 0.0, 0.0, 0.0, 0.0, 0.0, 0.0, -8.0]
Mart_B_4       mart   5.32 5.33 7.11 sd     -101.70129       [0.0, 0.0, 0.0, 8.0, 6.0, 2.0, 0.0, 48.0, 16.0, 0.0, 0.0, 0.0, 0.0, 0.0, 0.0, 0.0, 0.0, 0.0, 32.0, 0.0, 0.0, 16.0, 8.0, 0.0, 16.0, 0.0, 0.0, 8.0, 4.0, 0.0, 0.0, 0.0, 0.0, 0.0, 0.0, 0.0, 0.0, 0.0, 16.0, 40.0, 16.0, 40.0][0.0, 0.0, 0.0, 0.0, 0.0, 0.0, 0.0, 0.0, -8.0, 0.0, 0.0, 4.0, 0.0, 0.0, 0.0, 0.0, 8.0, -16.0]
Mart_C_O       mart   5.49 5.49 6.87 afm    -103.96595       [0.0, 0.0, 0.0, 8.0, 6.0, 2.0, 0.0, 48.0, 16.0, 0.0, 0.0, 0.0, 0.0, 0.0, 0.0, 0.0, 0.0, 0.0, 32.0, 0.0, 0.0, 16.0, 8.0, 0.0, 16.0, 0.0, 0.0, 12.0, 0.0, 4.0, 0.0, 0.0, 0.0, 0.0, 0.0, 0.0, 0.0, 0.0, 16.0, 32.0, 16.0, 32.0][0.0, 16.0, 0.0, 0.0, 0.0, 0.0, 32.0, 0.0, -16.0, 16.0, 0.0, 12.0, 0.0, 0.0, 0.0, 0.0, 16.0, -32.0]
Mart_C_M       mart   5.4  5.4  6.95 sd     -101.92844       [0.0, 0.0, 0.0, 8.0, 6.0, 2.0, 0.0, 48.0, 16.0, 0.0, 0.0, 0.0, 0.0, 0.0, 0.0, 0.0, 0.0, 0.0, 32.0, 0.0, 0.0, 16.0, 8.0, 0.0, 16.0, 0.0, 0.0, 12.0, 0.0, 4.0, 0.0, 0.0, 0.0, 0.0, 0.0, 0.0, 0.0, 0.0, 16.0, 32.0, 16.0, 32.0][0.0, 32.0, 0.0, 0.0, 0.0, 0.0, 32.0, 0.0, 0.0, 16.0, 0.0, 8.0, 0.0, 0.0, 0.0, 0.0, 16.0, 0.0]
Mart_C_1       mart   5.6  5.6  6.67 sd     -103.37573       [0.0, 0.0, 0.0, 8.0, 6.0, 2.0, 0.0, 48.0, 16.0, 0.0, 0.0, 0.0, 0.0, 0.0, 0.0, 0.0, 0.0, 0.0, 32.0, 0.0, 0.0, 16.0, 8.0, 0.0, 16.0, 0.0, 0.0, 12.0, 0.0, 4.0, 0.0, 0.0, 0.0, 0.0, 0.0, 0.0, 0.0, 0.0, 16.0, 32.0, 16.0, 32.0][0.0, 16.0, 0.0, 0.0, 0.0, 0.0, 32.0, 0.0, 0.0, 16.0, 0.0, -4.0, 0.0, 0.0, 0.0, 0.0, 16.0, 0.0]
Mart_C_2       mart   5.53 5.44 6.85 afm    -102.59285       [0.0, 0.0, 0.0, 8.0, 6.0, 2.0, 0.0, 48.0, 16.0, 0.0, 0.0, 0.0, 0.0, 0.0, 0.0, 0.0, 0.0, 0.0, 32.0, 0.0, 0.0, 16.0, 8.0, 0.0, 16.0, 0.0, 0.0, 12.0, 0.0, 4.0, 0.0, 0.0, 0.0, 0.0, 0.0, 0.0, 0.0, 0.0, 16.0, 32.0, 16.0, 32.0][0.0, 4.0, 0.0, 0.0, 0.0, 0.0, 8.0, 0.0, 0.0, 0.0, 0.0, 8.0, 0.0, 0.0, 0.0, 0.0, -16.0, 0.0]
Mart_C_3       mart   5.63 5.51 6.73 sd     -103.58134       [0.0, 0.0, 0.0, 8.0, 6.0, 2.0, 0.0, 48.0, 16.0, 0.0, 0.0, 0.0, 0.0, 0.0, 0.0, 0.0, 0.0, 0.0, 32.0, 0.0, 0.0, 16.0, 8.0, 0.0, 16.0, 0.0, 0.0, 12.0, 0.0, 4.0, 0.0, 0.0, 0.0, 0.0, 0.0, 0.0, 0.0, 0.0, 16.0, 32.0, 16.0, 32.0][0.0, 0.0, 0.0, 0.0, 0.0, 0.0, 0.0, 0.0, -8.0, 0.0, 0.0, 4.0, 0.0, 0.0, 0.0, 0.0, 0.0, -16.0]
Mart_C_4       mart   5.36 5.36 7.05 afm    -101.58784       [0.0, 0.0, 0.0, 8.0, 6.0, 2.0, 0.0, 48.0, 16.0, 0.0, 0.0, 0.0, 0.0, 0.0, 0.0, 0.0, 0.0, 0.0, 32.0, 0.0, 0.0, 16.0, 8.0, 0.0, 16.0, 0.0, 0.0, 12.0, 0.0, 4.0, 0.0, 0.0, 0.0, 0.0, 0.0, 0.0, 0.0, 0.0, 16.0, 32.0, 16.0, 32.0][0.0, 0.0, 0.0, 0.0, 0.0, 0.0, 0.0, 0.0, 0.0, 0.0, 0.0, -8.0, 0.0, 0.0, 0.0, 0.0, -16.0, 0.0]
NiMn           aust   5.84 5.84 5.84 fm     -116.069182      [8.0, 8.0, 0.0, 0.0, 0.0, 0.0, 0.0, 0.0, 0.0, 0.0, 0.0, 0.0, 0.0, 64.0, 0.0, 0.0, 0.0, 0.0, 0.0, 0.0, 0.0, 0.0, 0.0, 0.0, 0.0, 0.0, 0.0, 0.0, 0.0, 0.0, 48.0, 0.0, 0.0, 48.0, 0.0, 0.0, 96.0, 96.0, 0.0, 0.0, 0.0, 0.0][0.0, 0.0, 0.0, 0.0, 64.0, 0.0, 0.0, 0.0, 0.0, 0.0, 0.0, 0.0, 48.0, 0.0, 48.0, 96.0, 0.0, 0.0]
_NiMn_1        mart   5.11 5.11 7.16 afm    -118.2737173     [0.0, 0.0, 0.0, 8.0, 8.0, 0.0, 0.0, 64.0, 0.0, 0.0, 0.0, 0.0, 0.0, 0.0, 0.0, 0.0, 0.0, 0.0, 32.0, 0.0, 0.0, 32.0, 0.0, 0.0, 16.0, 0.0, 0.0, 16.0, 0.0, 0.0, 0.0, 0.0, 0.0, 0.0, 0.0, 0.0, 0.0, 0.0, 32.0, 64.0, 32.0, 64.0][0.0, 0.0, 0.0, 0.0, 0.0, 0.0, 0.0, 0.0, -32.0, 0.0, 0.0, 16.0, 0.0, 0.0, 0.0, 0.0, 32.0, -64.0]
Ni2MnIn_ISIF3  mart   5.8  5.8  6.09 fm     -109.72337115    [0.0, 0.0, 0.0, 8.0, 7.0, 1.0, 0.0, 56.0, 8.0, 0.0, 0.0, 0.0, 0.0, 0.0, 0.0, 0.0, 0.0, 0.0, 32.0, 0.0, 0.0, 24.0, 4.0, 0.0, 16.0, 0.0, 0.0, 12.0, 2.0, 0.0, 0.0, 0.0, 0.0, 0.0, 0.0, 0.0, 0.0, 0.0, 24.0, 48.0, 24.0, 48.0][0.0, 56.0, 0.0, 0.0, 0.0, 0.0, 32.0, 0.0, 24.0, 16.0, 0.0, 12.0, 0.0, 0.0, 0.0, 0.0, 24.0, 48.0]
Ni8Mn6In2_1M   mart   5.35 5.35 7.06 sd     -101.19889281    [0.0, 0.0, 0.0, 8.0, 6.0, 2.0, 0.0, 48.0, 16.0, 0.0, 0.0, 0.0, 0.0, 0.0, 0.0, 0.0, 0.0, 0.0, 32.0, 0.0, 0.0, 16.0, 8.0, 0.0, 16.0, 0.0, 0.0, 8.0, 4.0, 0.0, 0.0, 0.0, 0.0, 0.0, 0.0, 0.0, 0.0, 0.0, 16.0, 32.0, 16.0, 32.0][0.0, 32.0, 0.0, 0.0, 0.0, 0.0, 32.0, 0.0, 0.0, 16.0, 0.0, 8.0, 0.0, 0.0, 0.0, 0.0, 16.0, 0.0]
Ni8Mn6In2_2_4  mart   5.49 5.5  6.86 afm    -103.62301288    [0.0, 0.0, 0.0, 8.0, 6.0, 2.0, 0.0, 48.0, 16.0, 0.0, 0.0, 0.0, 0.0, 0.0, 0.0, 0.0, 0.0, 0.0, 32.0, 0.0, 0.0, 16.0, 8.0, 0.0, 16.0, 0.0, 0.0, 8.0, 4.0, 0.0, 0.0, 0.0, 0.0, 0.0, 0.0, 0.0, 0.0, 0.0, 24.0, 32.0, 24.0, 32.0][0.0, 16.0, 0.0, 0.0, 0.0, 0.0, 32.0, 0.0, -16.0, 16.0, 0.0, 8.0, 0.0, 0.0, 0.0, 0.0, 24.0, -32.0]
Ni8Mn6In2_2_4M mart   5.34 5.34 7.09 afm    -100.97802582    [0.0, 0.0, 0.0, 8.0, 6.0, 2.0, 0.0, 48.0, 16.0, 0.0, 0.0, 0.0, 0.0, 0.0, 0.0, 0.0, 0.0, 0.0, 32.0, 0.0, 0.0, 16.0, 8.0, 0.0, 16.0, 0.0, 0.0, 8.0, 4.0, 0.0, 0.0, 0.0, 0.0, 0.0, 0.0, 0.0, 0.0, 0.0, 16.0, 32.0, 16.0, 32.0][0.0, 0.0, 0.0, 0.0, 0.0, 0.0, 0.0, 0.0, 0.0, 0.0, 0.0, -8.0, 0.0, 0.0, 0.0, 0.0, -16.0, 0.0]
Ni8Mn6In2_3_4  mart   5.47 5.7  6.61 afm    -101.29548513    [0.0, 0.0, 0.0, 8.0, 6.0, 2.0, 0.0, 48.0, 16.0, 0.0, 0.0, 0.0, 0.0, 0.0, 0.0, 0.0, 0.0, 0.0, 32.0, 0.0, 0.0, 16.0, 8.0, 0.0, 16.0, 0.0, 0.0, 8.0, 4.0, 0.0, 0.0, 0.0, 0.0, 0.0, 0.0, 0.0, 0.0, 0.0, 16.0, 40.0, 16.0, 40.0][0.0, 0.0, 0.0, 0.0, 0.0, 0.0, 0.0, 0.0, 0.0, 0.0, 0.0, 0.0, 0.0, 0.0, 0.0, 0.0, -16.0, 0.0]
[72.0, 54.0, 18.0, 344.0, 257.0, 87.0, 0.0, 2056.0, 696.0, 0.0, 0.0, 0.0, 0.0, 432.0, 144.0, 0.0, 0.0, 0.0, 1376.0, 0.0, 0.0, 732.0, 296.0, 52.0, 688.0, 0.0, 0.0, 416.0, 98.0, 76.0, 432.0, 0.0, 0.0, 224.0, 100.0, 8.0, 544.0, 544.0, 792.0, 1472.0, 792.0, 1472.0][0.0, 500.0, 0.0, 0.0, 160.0, 0.0, 520.0, 0.0, 368.0, 256.0, 0.0, 264.0, 192.0, 0.0, 168.0, 400.0, 592.0, 672.0]
[0.17307692307692307, 0.12980769230769232, 0.08653846153846154, 0.8269230769230769, 0.6177884615384616, 0.4182692307692308, 0.0, 0.6177884615384616, 0.4182692307692308, 0.0, 0.0, 0.0, 0.0, 0.12980769230769232, 0.08653846153846154, 0.0, 0.0, 0.0, 0.8269230769230769, 0.0, 0.0, 0.43990384615384615, 0.3557692307692308, 0.0625, 0.8269230769230769, 0.0, 0.0, 0.5, 0.23557692307692307, 0.18269230769230768, 0.17307692307692307, 0.0, 0.0, 0.08974358974358974, 0.08012820512820513, 0.019230769230769232, 0.10897435897435898, 0.10897435897435898, 0.47596153846153844, 0.4423076923076923, 0.47596153846153844, 0.4423076923076923][0.0, 0.1502403846153846, 0.0, 0.0, 0.04807692307692308, 0.0, 0.3125, 0.0, 0.22115384615384615, 0.3076923076923077, 0.0, 0.3173076923076923, 0.07692307692307693, 0.0, 0.0673076923076923, 0.08012820512820513, 0.3557692307692308, 0.20192307692307693]
[0.17307692307692307, 0.17307692307692307, 0.11538461538461539, 0.8269230769230769, 0.8269230769230769, 0.6923076923076923, 0.0, 0.8269230769230769, 0.6923076923076923, 0.0, 0.0, 0.0, 0.0, 0.17307692307692307, 0.11538461538461539, 0.0, 0.0, 0.0, 0.8269230769230769, 0.0, 0.0, 0.7692307692307693, 0.6730769230769231, 0.1346153846153846, 0.8269230769230769, 0.0, 0.0, 0.8076923076923077, 0.46153846153846156, 0.28846153846153844, 0.17307692307692307, 0.0, 0.0, 0.1346153846153846, 0.11538461538461539, 0.019230769230769232, 0.17307692307692307, 0.17307692307692307, 0.7884615384615384, 0.75, 0.7884615384615384, 0.75][0.0, 0.3269230769230769, 0.0, 0.0, 0.07692307692307693, 0.0, 0.3269230769230769, 0.0, 0.46153846153846156, 0.3076923076923077, 0.0, 0.5961538461538461, 0.07692307692307693, 0.0, 0.1346153846153846, 0.17307692307692307, 0.6538461538461539, 0.4230769230769231]